0, 128, 0, 0
32, 0.054103, 0.048193
33, 0.048647, 0.049320
34, 0.043938, 0.041850
35, 0.048378, 0.046827
36, 0.036752, 0.032805
37, 0.034223, 0.045912
38, 0.043997, 0.045992
39, 0.045405, 0.045470
40, 0.047028, 0.041252
41, 0.046093, 0.058355
42, 0.058828, 0.047613
43, 0.048255, 0.047085
44, 0.048967, 0.048213
45, 0.031930, 0.032120
46, 0.031937, 0.041912
47, 0.042217, 0.040510
48, 0.039328, 0.047072
49, 0.038913, 0.031983
50, 0.031907, 0.032163
51, 0.038977, 0.129258
52, 0.048213, 0.032280
53, 0.041328, 0.039200
54, 0.042448, 0.040805
55, 0.042180, 0.037878
56, 0.036833, 0.033055
57, 0.033777, 0.033000
58, 0.045863, 0.034307
59, 0.032545, 0.032613
60, 0.045750, 0.037242
61, 0.041280, 0.037452
62, 0.041392, 0.048892
63, 0.043842, 0.038637
64, 0.040577, 0.046858
65, 0.037478, 0.042860
66, 0.042883, 0.047090
67, 0.040430, 0.043875
68, 0.039703, 0.042995
69, 0.039265, 0.043715
70, 0.038965, 0.043710
71, 0.039032, 0.044438
72, 0.038100, 0.055970
73, 0.037518, 0.043825
74, 0.037478, 0.043903
75, 0.038167, 0.044103
76, 0.040862, 0.037510
77, 0.040602, 0.048285
78, 0.050298, 0.044817
79, 0.040527, 0.055315
80, 0.041190, 0.040882
81, 0.041938, 0.039603
82, 0.037757, 0.041517
83, 0.051163, 0.044510
84, 0.044265, 0.042600
85, 0.042552, 0.040555
86, 0.040410, 0.174838
87, 0.040755, 0.037860
88, 0.042333, 0.054025
89, 0.042248, 0.046255
90, 0.040508, 0.046062
91, 0.040012, 0.048285
92, 0.045143, 0.054893
93, 0.051880, 0.051262
94, 0.050097, 0.050290
95, 0.041613, 0.047815
96, 0.040550, 0.046142
97, 0.042735, 0.048683
98, 0.056943, 0.047200
99, 0.041582, 0.044950
100, 0.048768, 0.043222
101, 0.044988, 0.041017
102, 0.045317, 0.049768
103, 0.058598, 0.042873
104, 0.043185, 0.043678
105, 0.045760, 0.042245
106, 0.040740, 0.044817
107, 0.048553, 0.042887
108, 0.037900, 0.039708
109, 0.048163, 0.050317
110, 0.044625, 0.047155
111, 0.048575, 0.044867
112, 0.046318, 0.043510
113, 0.052415, 0.055877
114, 0.035800, 0.043113
115, 0.056492, 0.050608
116, 0.051398, 0.050063
117, 0.041950, 0.053077
118, 0.048738, 0.053605
119, 0.043667, 0.054882
120, 0.041692, 0.049205
121, 0.039263, 0.053668
122, 0.038390, 0.062153
123, 0.038223, 0.055245
124, 0.036732, 0.049573
125, 0.036433, 0.054940
126, 0.036667, 0.055348
127, 0.040730, 0.037092
128, 0.041772, 0.037750
129, 0.036938, 0.036020
130, 0.037145, 0.036360
131, 0.037228, 0.039097
132, 0.048140, 0.037053
133, 0.039313, 0.040223
134, 0.052623, 0.040653
135, 0.041077, 0.040722
136, 0.041777, 0.041117
137, 0.050510, 0.036830
138, 0.037243, 0.036387
139, 0.039287, 0.039542
140, 0.052595, 0.053397
141, 0.071058, 0.063417
142, 0.037487, 0.040633
143, 0.037538, 0.040457
144, 0.047080, 0.038207
145, 0.038270, 0.040772
146, 0.037628, 0.040870
147, 0.037483, 0.041580
148, 0.037473, 0.039268
149, 0.037550, 0.041208
150, 0.041352, 0.036648
151, 0.048763, 0.052242
152, 0.053235, 0.052567
153, 0.052940, 0.052568
154, 0.063552, 0.052168
155, 0.052778, 0.052377
156, 0.052690, 0.052467
157, 0.054562, 0.051863
158, 0.052822, 0.052412
159, 0.052712, 0.061298
160, 0.094683, 0.052428
161, 0.058747, 0.063402
162, 0.037308, 0.049088
163, 0.036885, 0.049508
164, 0.036837, 0.052000
165, 0.036830, 0.049260
166, 0.037065, 0.049315
167, 0.036602, 0.049602
168, 0.036810, 0.046647
169, 0.036687, 0.050138
170, 0.037692, 0.043435
171, 0.037458, 0.043752
172, 0.037390, 0.041017
173, 0.037422, 0.044362
174, 0.037453, 0.048405
175, 0.037642, 0.044692
176, 0.037622, 0.041578
177, 0.037522, 0.044787
178, 0.037755, 0.044740
179, 0.037668, 0.045270
180, 0.037382, 0.043283
181, 0.037622, 0.044612
182, 0.032147, 0.039765
183, 0.053355, 0.053463
184, 0.038987, 0.043395
185, 0.046223, 0.040590
186, 0.037055, 0.040287
187, 0.037010, 0.040688
188, 0.037033, 0.038077
189, 0.037210, 0.040842
190, 0.037097, 0.043130
191, 0.037048, 0.041160
192, 0.037782, 0.038388
193, 0.039673, 0.042342
194, 0.038047, 0.040263
195, 0.046820, 0.040393
196, 0.037757, 0.038485
197, 0.037773, 0.040172
198, 0.037765, 0.040262
199, 0.037823, 0.040215
200, 0.043800, 0.041638
201, 0.041112, 0.041818
202, 0.041030, 0.041852
203, 0.040903, 0.041833
204, 0.041183, 0.041428
205, 0.041357, 0.055495
206, 0.039955, 0.068938
207, 0.041608, 0.042275
208, 0.041540, 0.041908
209, 0.041730, 0.041293
210, 0.045092, 0.041265
211, 0.041797, 0.041325
212, 0.041828, 0.041580
213, 0.041453, 0.041310
214, 0.041412, 0.041398
215, 0.042400, 0.051708
216, 0.041358, 0.041628
217, 0.045178, 0.041153
218, 0.041907, 0.041090
219, 0.041630, 0.044600
220, 0.041665, 0.041913
221, 0.041633, 0.041503
222, 0.041645, 0.041345
223, 0.041462, 0.041262
224, 0.042705, 0.041598
225, 0.041883, 0.051535
226, 0.042080, 0.041440
227, 0.041975, 0.041170
228, 0.041870, 0.043097
229, 0.037293, 0.049862
230, 0.042442, 0.042103
231, 0.042485, 0.041613
232, 0.042458, 0.042905
233, 0.042363, 0.041800
234, 0.042722, 0.042573
235, 0.042352, 0.048075
236, 0.053833, 0.046225
237, 0.053210, 0.041655
238, 0.042337, 0.041768
239, 0.042347, 0.049563
240, 0.044775, 0.068700
241, 0.063395, 0.041438
242, 0.043010, 0.041607
243, 0.041817, 0.041702
244, 0.041900, 0.041857
245, 0.041865, 0.042080
246, 0.052643, 0.041990
247, 0.041773, 0.042335
248, 0.042113, 0.042102
249, 0.045173, 0.041847
250, 0.045565, 0.038662
251, 0.071827, 0.041593
252, 0.042337, 0.042175
253, 0.041895, 0.041115
254, 0.042513, 0.041188
255, 0.042207, 0.042863
256, 0.043272, 0.053565
257, 0.053423, 0.045252
258, 0.053400, 0.045880
259, 0.053365, 0.045917
260, 0.053468, 0.045560
261, 0.051135, 0.054807
262, 0.049948, 0.041443
263, 0.050128, 0.041677
264, 0.050190, 0.041663
265, 0.050482, 0.042588
266, 0.050463, 0.052132
267, 0.050540, 0.042327
268, 0.051212, 0.041535
269, 0.053373, 0.041985
270, 0.050632, 0.043753
271, 0.050477, 0.041935
272, 0.052853, 0.040097
273, 0.053362, 0.043783
274, 0.050665, 0.044440
275, 0.050623, 0.044447
276, 0.050443, 0.043335
277, 0.061670, 0.045365
278, 0.050652, 0.047643
279, 0.050530, 0.043333
280, 0.050513, 0.044292
281, 0.050832, 0.043585
282, 0.050915, 0.044228
283, 0.050772, 0.044017
284, 0.051097, 0.044218
285, 0.050775, 0.044455
286, 0.050697, 0.049373
287, 0.077357, 0.046400
288, 0.047782, 0.053815
289, 0.050547, 0.058647
290, 0.051213, 0.046072
291, 0.050722, 0.045968
292, 0.050385, 0.043157
293, 0.050762, 0.049083
294, 0.051547, 0.044660
295, 0.050683, 0.045183
296, 0.050555, 0.042532
297, 0.056428, 0.088235
298, 0.050610, 0.045462
299, 0.051913, 0.059632
300, 0.051885, 0.047890
301, 0.051758, 0.046367
302, 0.050317, 0.054477
303, 0.058087, 0.052947
304, 0.051773, 0.046333
305, 0.051838, 0.050205
306, 0.052062, 0.047173
307, 0.051837, 0.065038
308, 0.055708, 0.046785
309, 0.051820, 0.047388
310, 0.050500, 0.046920
311, 0.052100, 0.047607
312, 0.050155, 0.044810
313, 0.050823, 0.047270
314, 0.050605, 0.047458
315, 0.052217, 0.047873
316, 0.050663, 0.045120
317, 0.052262, 0.064795
318, 0.050892, 0.046392
319, 0.050930, 0.048102
320, 0.054780, 0.046282
321, 0.059477, 0.049892
322, 0.059383, 0.048212
323, 0.061017, 0.050213
324, 0.059102, 0.046175
325, 0.059355, 0.049353
326, 0.059142, 0.047780
327, 0.059232, 0.053403
328, 0.063567, 0.046615
329, 0.059337, 0.047698
330, 0.059428, 0.049493
331, 0.059473, 0.048098
332, 0.059373, 0.045270
333, 0.059665, 0.048773
334, 0.059513, 0.049037
335, 0.059415, 0.049078
336, 0.059263, 0.046465
337, 0.059635, 0.052055
338, 0.059543, 0.049873
339, 0.059472, 0.049927
340, 0.059622, 0.046763
341, 0.059382, 0.049217
342, 0.066280, 0.052325
343, 0.059517, 0.049367
344, 0.059217, 0.046685
345, 0.059955, 0.049772
346, 0.059747, 0.049790
347, 0.059793, 0.049797
348, 0.059938, 0.047118
349, 0.059592, 0.049703
350, 0.059742, 0.050143
351, 0.061138, 0.050777
352, 0.055742, 0.047137
353, 0.059908, 0.048343
354, 0.059563, 0.048347
355, 0.059887, 0.048732
356, 0.059667, 0.045010
357, 0.059658, 0.047485
358, 0.059810, 0.056333
359, 0.059745, 0.048010
360, 0.059513, 0.043860
361, 0.060180, 0.047417
362, 0.060093, 0.047437
363, 0.059862, 0.047757
364, 0.059998, 0.044637
365, 0.060092, 0.049122
366, 0.059890, 0.049693
367, 0.062602, 0.049518
368, 0.059968, 0.051173
369, 0.060127, 0.049797
370, 0.060083, 0.050178
371, 0.060107, 0.050237
372, 0.059985, 0.045882
373, 0.060097, 0.048973
374, 0.060242, 0.048972
375, 0.060005, 0.049465
376, 0.060220, 0.045738
377, 0.060297, 0.049723
378, 0.060238, 0.049975
379, 0.060353, 0.050522
380, 0.060315, 0.046402
381, 0.060247, 0.050000
382, 0.060265, 0.049973
383, 0.060367, 0.050347
384, 0.055585, 0.045973
385, 0.068997, 0.058800
386, 0.068827, 0.058763
387, 0.068598, 0.059042
388, 0.068935, 0.056338
389, 0.073542, 0.057492
390, 0.068762, 0.057725
391, 0.068905, 0.057908
392, 0.068573, 0.055370
393, 0.069157, 0.058033
394, 0.069033, 0.059972
395, 0.069112, 0.058922
396, 0.069178, 0.056292
397, 0.069003, 0.059607
398, 0.069122, 0.059485
399, 0.069085, 0.059550
400, 0.069137, 0.056362
401, 0.069550, 0.061022
402, 0.069448, 0.060580
403, 0.069365, 0.060775
404, 0.069388, 0.057542
405, 0.069357, 0.060235
406, 0.070387, 0.060087
407, 0.069590, 0.060223
408, 0.069322, 0.057728
409, 0.069712, 0.061007
410, 0.069657, 0.060837
411, 0.069820, 0.060600
412, 0.069765, 0.057100
413, 0.069825, 0.061423
414, 0.069720, 0.061033
415, 0.069643, 0.060520
416, 0.064433, 0.057243
417, 0.068765, 0.062127
418, 0.068758, 0.061665
419, 0.068865, 0.061902
420, 0.068692, 0.058438
421, 0.068793, 0.061307
422, 0.068872, 0.060917
423, 0.068755, 0.061095
424, 0.068763, 0.058128
425, 0.069003, 0.062792
426, 0.069130, 0.061977
427, 0.069072, 0.062385
428, 0.069020, 0.058548
429, 0.069237, 0.062825
430, 0.068975, 0.062683
431, 0.069137, 0.063207
432, 0.069282, 0.058667
433, 0.069463, 0.064277
434, 0.069598, 0.064375
435, 0.069482, 0.064557
436, 0.069520, 0.060830
437, 0.069572, 0.063493
438, 0.069522, 0.063342
439, 0.069590, 0.064488
440, 0.069515, 0.060518
441, 0.069795, 0.064400
442, 0.069710, 0.063905
443, 0.069722, 0.064070
444, 0.069838, 0.060555
445, 0.071782, 0.064587
446, 0.069812, 0.063922
447, 0.071128, 0.064258
448, 0.064445, 0.060483
449, 0.078507, 0.065643
450, 0.078192, 0.065683
451, 0.078535, 0.066062
452, 0.078648, 0.062830
453, 0.079272, 0.065217
454, 0.115042, 0.084265
455, 0.079170, 0.066197
456, 0.078800, 0.062527
457, 0.079195, 0.065935
458, 0.079225, 0.065778
459, 0.136670, 0.126370
460, 0.078503, 0.062525
461, 0.199735, 0.066608
462, 0.079173, 0.066583
463, 0.079135, 0.066735
464, 0.078933, 0.062813
465, 0.079262, 0.068268
466, 0.079193, 0.068543
467, 0.079257, 0.068538
468, 0.079173, 0.064640
469, 0.079188, 0.075045
470, 0.173012, 0.067842
471, 0.079288, 0.068135
472, 0.085550, 0.067620
473, 0.082175, 0.071150
474, 0.081942, 0.071400
475, 0.082143, 0.071395
476, 0.081982, 0.067482
477, 0.082122, 0.071417
478, 0.082075, 0.067972
479, 0.079470, 0.069325
480, 0.073207, 0.179178
481, 0.078688, 0.063713
482, 0.078877, 0.063595
483, 0.128847, 0.064152
484, 0.078728, 0.060582
485, 0.079113, 0.064057
486, 0.079095, 0.157010
487, 0.078690, 0.064693
488, 0.078827, 0.059717
489, 0.079483, 0.064330
490, 0.079503, 0.139990
491, 0.079470, 0.064780
492, 0.079235, 0.060387
493, 0.079433, 0.065323
494, 0.079565, 0.065292
495, 0.079418, 0.065837
496, 0.078788, 0.060163
497, 0.079085, 0.065825
498, 0.079045, 0.065858
499, 0.078985, 0.071453
500, 0.086015, 0.062262
501, 0.079057, 0.066608
502, 0.079050, 0.066775
503, 0.079077, 0.067092
504, 0.079093, 0.191443
505, 0.078975, 0.066692
506, 0.079413, 0.066778
507, 0.079248, 0.190760
508, 0.081938, 0.065105
509, 0.081895, 0.069930
510, 0.081890, 0.069925
511, 0.081865, 0.070705
512, 0.075362, 0.127962
513, 0.090968, 0.196667
514, 0.087488, 0.181627
515, 0.088555, 0.072977
516, 0.088382, 0.069568
517, 0.088577, 0.071848
518, 0.088568, 0.070797
519, 0.088575, 0.071545
520, 0.131143, 0.074285
521, 0.090803, 0.075877
522, 0.091432, 0.074842
523, 0.094108, 0.075798
524, 0.090358, 0.071305
525, 0.090257, 0.075758
526, 0.090357, 0.070593
527, 0.087643, 0.070747
528, 0.087037, 0.067128
529, 0.087455, 0.072892
530, 0.087605, 0.073262
531, 0.087303, 0.073372
532, 0.087563, 0.070500
533, 0.087295, 0.073355
534, 0.087482, 0.074050
535, 0.087290, 0.072163
536, 0.087540, 0.069672
537, 0.087582, 0.073440
538, 0.087857, 0.073730
539, 0.087570, 0.072615
540, 0.087953, 0.069650
541, 0.087833, 0.073917
542, 0.087888, 0.079293
543, 0.087652, 0.072598
544, 0.081230, 0.068143
545, 0.087148, 0.075405
546, 0.087813, 0.074973
547, 0.087388, 0.076653
548, 0.087118, 0.070495
549, 0.088023, 0.074645
550, 0.087943, 0.074648
551, 0.087892, 0.075150
552, 0.095808, 0.070567
553, 0.088180, 0.074972
554, 0.088305, 0.075040
555, 0.088175, 0.075570
556, 0.088453, 0.068848
557, 0.088208, 0.074455
558, 0.088340, 0.074430
559, 0.088273, 0.074970
560, 0.088027, 0.070078
561, 0.088258, 0.076870
562, 0.088312, 0.076653
563, 0.088230, 0.078108
564, 0.088355, 0.073553
565, 0.088100, 0.077507
566, 0.088363, 0.075497
567, 0.088263, 0.076817
568, 0.088168, 0.072365
569, 0.088503, 0.077573
570, 0.088773, 0.076588
571, 0.088540, 0.077073
572, 0.088720, 0.072853
573, 0.089330, 0.079197
574, 0.088820, 0.075927
575, 0.088618, 0.076737
576, 0.081608, 0.070425
577, 0.097132, 0.081343
578, 0.097227, 0.079422
579, 0.097022, 0.080642
580, 0.097307, 0.076322
581, 0.097145, 0.080127
582, 0.097335, 0.079432
583, 0.097220, 0.080055
584, 0.097162, 0.076115
585, 0.097683, 0.080185
586, 0.097577, 0.077997
587, 0.097818, 0.078220
588, 0.097678, 0.072890
589, 0.098092, 0.079560
590, 0.098108, 0.080025
591, 0.098155, 0.080217
592, 0.097713, 0.075403
593, 0.165702, 0.081707
594, 0.097958, 0.083007
595, 0.097932, 0.083312
596, 0.097990, 0.079665
597, 0.097950, 0.080868
598, 0.098097, 0.177230
599, 0.097727, 0.081873
600, 0.097770, 0.078177
601, 0.098535, 0.081027
602, 0.098215, 0.082347
603, 0.098315, 0.082487
604, 0.098255, 0.086105
605, 0.098468, 0.081017
606, 0.098392, 0.081155
607, 0.098345, 0.081040
608, 0.090468, 0.075528
609, 0.097633, 0.083465
610, 0.097533, 0.083640
611, 0.097410, 0.084518
612, 0.097653, 0.079058
613, 0.097448, 0.083138
614, 0.097648, 0.083475
615, 0.097273, 0.083997
616, 0.097457, 0.075545
617, 0.097855, 0.081480
618, 0.097998, 0.081378
619, 0.098003, 0.081953
620, 0.098052, 0.075763
621, 0.098058, 0.082122
622, 0.098053, 0.082503
623, 0.097965, 0.082800
624, 0.097473, 0.077798
625, 0.097843, 0.086255
626, 0.097802, 0.086623
627, 0.097950, 0.086488
628, 0.097757, 0.079705
629, 0.097773, 0.193077
630, 0.100398, 0.088702
631, 0.101067, 0.089548
632, 0.100908, 0.083002
633, 0.101432, 0.089170
634, 0.101385, 0.089580
635, 0.101565, 0.086060
636, 0.098117, 0.077712
637, 0.098255, 0.084892
638, 0.143542, 0.085277
639, 0.099068, 0.085220
640, 0.090453, 0.078060
641, 0.106590, 0.095703
642, 0.106805, 0.094683
643, 0.106597, 0.095792
644, 0.106642, 0.089693
645, 0.106835, 0.094665
646, 0.106667, 0.093005
647, 0.106827, 0.123413
648, 0.106525, 0.086063
649, 0.107237, 0.092797
650, 0.107313, 0.092377
651, 0.107025, 0.093133
652, 0.107412, 0.086252
653, 0.107273, 0.093743
654, 0.177715, 0.093967
655, 0.107320, 0.093950
656, 0.106768, 0.089010
657, 0.111948, 0.097653
658, 0.107415, 0.098437
659, 0.107282, 0.139392
660, 0.107312, 0.091348
661, 0.107352, 0.164077
662, 0.107042, 0.154453
663, 0.107253, 0.095920
664, 0.107257, 0.137068
665, 0.107708, 0.096735
666, 0.107585, 0.117118
667, 0.107570, 0.094510
668, 0.107653, 0.088483
669, 0.107532, 0.096048
670, 0.107732, 0.095997
671, 0.197362, 0.095650
672, 0.098880, 0.198175
673, 0.106187, 0.099098
674, 0.130665, 0.099052
675, 0.107318, 0.143447
676, 0.106687, 0.090610
677, 0.106627, 0.095960
678, 0.106627, 0.095812
679, 0.106418, 0.096095
680, 0.106623, 0.221978
681, 0.113240, 0.099478
682, 0.110648, 0.099433
683, 0.110498, 0.100298
684, 0.110607, 0.093795
685, 0.110735, 0.102173
686, 0.107072, 0.097358
687, 0.107317, 0.099735
688, 0.106647, 0.092328
689, 0.106117, 0.100037
690, 0.106330, 0.098122
691, 0.106200, 0.099712
692, 0.106353, 0.094157
693, 0.106307, 0.098468
694, 0.106310, 0.098080
695, 0.106385, 0.098672
696, 0.106153, 0.092982
697, 0.106725, 0.100557
698, 0.106278, 0.098040
699, 0.106698, 0.097647
700, 0.107450, 0.091920
701, 0.107277, 0.099267
702, 0.107427, 0.099235
703, 0.107387, 0.100097
704, 0.098648, 0.091337
705, 0.115795, 0.105288
706, 0.115757, 0.102655
707, 0.115607, 0.102275
708, 0.115845, 0.093668
709, 0.115748, 0.110115
710, 0.115547, 0.101362
711, 0.115765, 0.101503
712, 0.115550, 0.092967
713, 0.116102, 0.100567
714, 0.116365, 0.101432
715, 0.116033, 0.101708
716, 0.116490, 0.094472
717, 0.116773, 0.102468
718, 0.116445, 0.103722
719, 0.116420, 0.103857
720, 0.116192, 0.192092
721, 0.116768, 0.104493
722, 0.116547, 0.106743
723, 0.116535, 0.106492
724, 0.210873, 0.100020
725, 0.181702, 0.103705
726, 0.214988, 0.109413
727, 0.120303, 0.153512
728, 0.120132, 0.103428
729, 0.120653, 0.108298
730, 0.120697, 0.103535
731, 0.199758, 0.103507
732, 0.116855, 0.095433
733, 0.116882, 0.104577
734, 0.207447, 0.192187
735, 0.116855, 0.109288
736, 0.110693, 0.099163
737, 0.119477, 0.107195
738, 0.119582, 0.107808
739, 0.119650, 0.108603
740, 0.115885, 0.094167
741, 0.116173, 0.103915
742, 0.116260, 0.104070
743, 0.116180, 0.104560
744, 0.116215, 0.091635
745, 0.161822, 0.103030
746, 0.116422, 0.103055
747, 0.116510, 0.103018
748, 0.116705, 0.093048
749, 0.116472, 0.105378
750, 0.116723, 0.105885
751, 0.116752, 0.106423
752, 0.115848, 0.116615
753, 0.116387, 0.107207
754, 0.116407, 0.107105
755, 0.164167, 0.108562
756, 0.116322, 0.097923
757, 0.211708, 0.106462
758, 0.116520, 0.107013
759, 0.172010, 0.107645
760, 0.116348, 0.093898
761, 0.116648, 0.124332
762, 0.172862, 0.105220
763, 0.116968, 0.202432
764, 0.116723, 0.095513
765, 0.116812, 0.106883
766, 0.116857, 0.106595
767, 0.116717, 0.107902
768, 0.107370, 0.093758
769, 0.125253, 0.117043
770, 0.125312, 0.117940
771, 0.125030, 0.118583
772, 0.125283, 0.107585
773, 0.125235, 0.117617
774, 0.204747, 0.117150
775, 0.124938, 0.195445
776, 0.124707, 0.106128
777, 0.125565, 0.116943
778, 0.125748, 0.116887
779, 0.205413, 0.117863
780, 0.125650, 0.107832
781, 0.227045, 0.118983
782, 0.125523, 0.119430
783, 0.125642, 0.119063
784, 0.125417, 0.108813
785, 0.126062, 0.121533
786, 0.125918, 0.122893
787, 0.126057, 0.165450
788, 0.126162, 0.112485
789, 0.126060, 0.120488
790, 0.126000, 0.122242
791, 0.126033, 0.244030
792, 0.129820, 0.112537
793, 0.130470, 0.125532
794, 0.130553, 0.125267
795, 0.130478, 0.120808
796, 0.126210, 0.108502
797, 0.126258, 0.145070
798, 0.126515, 0.121175
799, 0.126348, 0.121605
800, 0.116350, 0.106810
801, 0.132925, 0.123625
802, 0.125150, 0.123080
803, 0.125280, 0.124370
804, 0.125028, 0.110260
805, 0.125215, 0.122235
806, 0.146273, 0.122498
807, 0.125182, 0.122987
808, 0.124907, 0.109900
809, 0.125863, 0.123657
810, 0.125942, 0.122873
811, 0.126243, 0.124467
812, 0.126058, 0.111670
813, 0.125757, 0.125780
814, 0.126190, 0.135187
815, 0.149665, 0.125460
816, 0.180788, 0.112582
817, 0.128728, 0.129565
818, 0.138627, 0.128295
819, 0.126275, 0.129138
820, 0.126235, 0.117510
821, 0.126347, 0.127572
822, 0.126288, 0.125208
823, 0.126230, 0.125692
824, 0.125978, 0.110987
825, 0.126748, 0.125440
826, 0.126603, 0.217788
827, 0.126268, 0.219007
828, 0.126467, 0.111577
829, 0.126585, 0.126347
830, 0.221662, 0.126457
831, 0.126658, 0.126750
832, 0.116183, 0.183582
833, 0.134688, 0.129675
834, 0.134522, 0.129280
835, 0.134913, 0.128848
836, 0.134915, 0.217647
837, 0.134823, 0.129358
838, 0.135315, 0.129440
839, 0.134718, 0.129467
840, 0.134557, 0.115502
841, 0.135368, 0.129393
842, 0.135467, 0.131330
843, 0.135425, 0.131695
844, 0.135285, 0.116897
845, 0.135367, 0.131278
846, 0.135375, 0.132068
847, 0.135603, 0.132120
848, 0.135168, 0.119058
849, 0.135415, 0.134483
850, 0.135530, 0.137133
851, 0.135498, 0.136468
852, 0.135650, 0.120502
853, 0.135612, 0.132248
854, 0.135482, 0.132690
855, 0.135353, 0.132563
856, 0.135333, 0.115680
857, 0.136027, 0.132613
858, 0.135988, 0.132378
859, 0.135960, 0.133368
860, 0.135945, 0.116640
861, 0.135902, 0.133798
862, 0.136003, 0.134740
863, 0.136025, 0.134382
864, 0.124858, 0.195873
865, 0.134627, 0.134453
866, 0.134508, 0.133325
867, 0.140698, 0.134308
868, 0.135500, 0.113770
869, 0.134738, 0.132885
870, 0.134532, 0.132473
871, 0.134738, 0.134040
872, 0.134410, 0.114027
873, 0.135428, 0.134855
874, 0.135307, 0.135152
875, 0.135203, 0.135697
876, 0.135283, 0.113707
877, 0.135250, 0.136595
878, 0.135507, 0.135932
879, 0.135495, 0.136173
880, 0.134818, 0.116802
881, 0.135267, 0.139852
882, 0.135215, 0.140225
883, 0.135370, 0.140225
884, 0.135195, 0.117467
885, 0.135258, 0.135993
886, 0.135268, 0.137287
887, 0.135203, 0.137605
888, 0.135260, 0.114365
889, 0.135843, 0.137410
890, 0.135767, 0.137548
891, 0.135827, 0.138148
892, 0.135787, 0.116750
893, 0.135692, 0.138317
894, 0.135933, 0.138597
895, 0.135898, 0.138108
896, 0.124923, 0.114358
897, 0.143745, 0.153380
898, 0.143678, 0.153418
899, 0.143690, 0.152563
900, 0.143873, 0.134485
901, 0.143923, 0.151752
902, 0.143958, 0.152117
903, 0.229863, 0.152933
904, 0.143602, 0.135348
905, 0.144445, 0.154982
906, 0.144410, 0.154122
907, 0.144292, 0.154510
908, 0.144325, 0.135527
909, 0.144237, 0.156573
910, 0.144392, 0.156620
911, 0.163248, 0.156728
912, 0.144195, 0.212043
913, 0.144732, 0.159623
914, 0.145387, 0.159550
915, 0.144880, 0.159073
916, 0.144870, 0.136218
917, 0.144812, 0.156715
918, 0.144677, 0.157500
919, 0.144743, 0.166040
920, 0.144560, 0.135787
921, 0.145768, 0.168660
922, 0.150410, 0.163598
923, 0.150338, 0.162735
924, 0.150778, 0.142012
925, 0.146033, 0.159067
926, 0.145367, 0.158013
927, 0.155577, 0.249908
928, 0.150228, 0.155325
929, 0.163865, 0.183363
930, 0.145143, 0.199512
931, 0.143260, 0.161245
932, 0.143778, 0.138688
933, 0.143523, 0.158513
934, 0.143790, 0.158737
935, 0.161113, 0.159302
936, 0.143437, 0.139838
937, 0.144348, 0.158970
938, 0.144350, 0.159342
939, 0.144388, 0.161167
940, 0.144327, 0.138440
941, 0.144372, 0.161135
942, 0.144308, 0.161398
943, 0.144313, 0.162820
944, 0.144358, 0.211380
945, 0.144677, 0.167525
946, 0.144690, 0.164387
947, 0.144695, 0.165700
948, 0.144698, 0.170297
949, 0.144760, 0.164037
950, 0.144575, 0.164210
951, 0.144827, 0.165657
952, 0.144587, 0.139212
953, 0.145302, 0.163903
954, 0.145283, 0.164350
955, 0.237368, 0.165005
956, 0.145147, 0.139827
957, 0.145455, 0.164958
958, 0.145487, 0.165783
959, 0.145288, 0.165753
960, 0.133590, 0.138595
961, 0.153262, 0.168848
962, 0.232417, 0.169683
963, 0.154127, 0.169967
964, 0.153523, 0.145460
965, 0.153700, 0.166540
966, 0.153465, 0.167775
967, 0.153435, 0.167438
968, 0.152975, 0.146552
969, 0.154240, 0.167318
970, 0.154027, 0.170200
971, 0.153992, 0.169485
972, 0.161587, 0.145492
973, 0.154285, 0.170490
974, 0.154443, 0.170470
975, 0.153925, 0.170022
976, 0.153563, 0.145132
977, 0.154035, 0.174172
978, 0.154065, 0.173940
979, 0.154103, 0.174352
980, 0.154113, 0.147705
981, 0.154077, 0.171452
982, 0.154093, 0.173452
983, 0.154177, 0.173580
984, 0.154000, 0.145658
985, 0.154837, 0.173902
986, 0.154525, 0.173693
987, 0.154718, 0.173757
988, 0.154717, 0.146272
989, 0.154547, 0.174705
990, 0.154690, 0.174837
991, 0.154757, 0.174107
992, 0.142163, 0.142050
993, 0.153790, 0.171882
994, 0.153665, 0.172307
995, 0.180913, 0.173228
996, 0.153690, 0.144648
997, 0.153682, 0.169402
998, 0.153865, 0.170380
999, 0.153570, 0.170030
1000, 0.153172, 0.141505
1001, 0.154388, 0.173498
1002, 0.154625, 0.173325
1003, 0.154545, 0.174325
1004, 0.154413, 0.143775
1005, 0.154300, 0.173520
1006, 0.154372, 0.175020
1007, 0.154478, 0.175202
1008, 0.153233, 0.140208
1009, 0.153757, 0.178347
1010, 0.153885, 0.178378
1011, 0.153687, 0.178732
1012, 0.153907, 0.148978
1013, 0.180565, 0.175767
1014, 0.153763, 0.176728
1015, 0.153857, 0.176685
1016, 0.153682, 0.145505
1017, 0.284828, 0.176465
1018, 0.159512, 0.182787
1019, 0.159770, 0.182428
1020, 0.160012, 0.151273
1021, 0.155207, 0.178667
1022, 0.154675, 0.178427
1023, 0.153757, 0.179773
1024, 0.173580, 0.154973
1025, 0.162737, 0.184008
1026, 0.184948, 0.182447
1027, 0.162537, 0.183568
1028, 0.162625, 0.191433
1029, 0.162582, 0.179862
1030, 0.162535, 0.180355
1031, 0.162522, 0.181535
1032, 0.162400, 0.156072
1033, 0.163595, 0.185417
1034, 0.164090, 0.219630
1035, 0.163430, 0.182488
1036, 0.163925, 0.154517
1037, 0.163853, 0.184802
1038, 0.163743, 0.184032
1039, 0.163457, 0.184565
1040, 0.162452, 0.153952
1041, 0.163385, 0.189160
1042, 0.163275, 0.189242
1043, 0.163462, 0.190923
1044, 0.163372, 0.160163
1045, 0.163505, 0.187837
1046, 0.163578, 0.187845
1047, 0.163205, 0.187353
1048, 0.163025, 0.157265
1049, 0.163737, 0.190485
1050, 0.163862, 0.190897
1051, 0.163907, 0.189015
1052, 0.163862, 0.158130
1053, 0.163763, 0.192260
1054, 0.163900, 0.192467
1055, 0.163878, 0.193173
1056, 0.150658, 0.156570
1057, 0.162505, 0.191748
1058, 0.162470, 0.192310
1059, 0.162798, 0.191928
1060, 0.162765, 0.163888
1061, 0.162773, 0.214968
1062, 0.162190, 0.188675
1063, 0.162665, 0.190725
1064, 0.177510, 0.160685
1065, 0.163397, 0.190742
1066, 0.163577, 0.189970
1067, 0.163248, 0.190337
1068, 0.163308, 0.160973
1069, 0.163345, 0.190905
1070, 0.162808, 0.195357
1071, 0.166580, 0.194155
1072, 0.162895, 0.159437
1073, 0.163460, 0.199835
1074, 0.163435, 0.197835
1075, 0.163380, 0.198603
1076, 0.163870, 0.169685
1077, 0.170202, 0.195317
1078, 0.163608, 0.194918
1079, 0.163632, 0.195177
1080, 0.163425, 0.164702
1081, 0.164148, 0.196557
1082, 0.164208, 0.196935
1083, 0.164167, 0.302428
1084, 0.164072, 0.165703
1085, 0.187390, 0.199590
1086, 0.164185, 0.198958
1087, 0.164108, 0.293808
1088, 0.150685, 0.164635
1089, 0.172155, 0.201828
1090, 0.172047, 0.201970
1091, 0.172330, 0.202762
1092, 0.171932, 0.173325
1093, 0.171833, 0.199503
1094, 0.172005, 0.199447
1095, 0.172178, 0.200072
1096, 0.171903, 0.171105
1097, 0.172960, 0.200882
1098, 0.172873, 0.200905
1099, 0.172740, 0.202315
1100, 0.172957, 0.171988
1101, 0.172887, 0.203322
1102, 0.172590, 0.203432
1103, 0.172977, 0.203498
1104, 0.172582, 0.172307
1105, 0.173888, 0.208362
1106, 0.173030, 0.208547
1107, 0.173518, 0.211703
1108, 0.173187, 0.179850
1109, 0.210735, 0.207150
1110, 0.172935, 0.207988
1111, 0.172908, 0.207000
1112, 0.172640, 0.176112
1113, 0.173375, 0.208630
1114, 0.173363, 0.209855
1115, 0.173318, 0.229970
1116, 0.173588, 0.176697
1117, 0.173442, 0.212310
1118, 0.173403, 0.211500
1119, 0.173397, 0.214668
1120, 0.159212, 0.176120
1121, 0.171823, 0.199627
1122, 0.171810, 0.200407
1123, 0.171835, 0.199625
1124, 0.172035, 0.171208
1125, 0.172047, 0.197393
1126, 0.172022, 0.198375
1127, 0.172193, 0.199010
1128, 0.171662, 0.165908
1129, 0.172708, 0.206672
1130, 0.172755, 0.198868
1131, 0.172728, 0.197485
1132, 0.172590, 0.168203
1133, 0.172512, 0.201318
1134, 0.172777, 0.252993
1135, 0.172918, 0.202758
1136, 0.270722, 0.170042
1137, 0.172562, 0.206517
1138, 0.172605, 0.206222
1139, 0.172597, 0.206450
1140, 0.172788, 0.174442
1141, 0.172658, 0.201652
1142, 0.172610, 0.203312
1143, 0.172755, 0.326210
1144, 0.178595, 0.176397
1145, 0.179075, 0.212203
1146, 0.188590, 0.207732
1147, 0.173182, 0.205187
1148, 0.173085, 0.173613
1149, 0.173085, 0.210172
1150, 0.251255, 0.208838
1151, 0.173198, 0.211688
1152, 0.159128, 0.174013
1153, 0.181042, 0.219197
1154, 0.181067, 0.216720
1155, 0.180877, 0.219312
1156, 0.202540, 0.189275
1157, 0.181298, 0.216227
1158, 0.181150, 0.216170
1159, 0.180975, 0.214863
1160, 0.247208, 0.183827
1161, 0.181932, 0.216147
1162, 0.181912, 0.215137
1163, 0.181837, 0.219328
1164, 0.182037, 0.186813
1165, 0.181688, 0.219990
1166, 0.181813, 0.220680
1167, 0.181858, 0.220900
1168, 0.181410, 0.186467
1169, 0.182090, 0.224557
1170, 0.182047, 0.223965
1171, 0.182097, 0.224777
1172, 0.182308, 0.195993
1173, 0.182260, 0.222302
1174, 0.182023, 0.259445
1175, 0.181942, 0.222512
1176, 0.181920, 0.190255
1177, 0.182773, 0.225307
1178, 0.182805, 0.224593
1179, 0.182567, 0.227392
1180, 0.182763, 0.194240
1181, 0.182773, 0.230323
1182, 0.189002, 0.230365
1183, 0.182562, 0.230017
1184, 0.168095, 0.193717
1185, 0.181410, 0.226208
1186, 0.181598, 0.233872
1187, 0.181398, 0.233630
1188, 0.181575, 0.246558
1189, 0.182845, 0.227672
1190, 0.181023, 0.227453
1191, 0.180997, 0.225260
1192, 0.180835, 0.194385
1193, 0.181758, 0.227663
1194, 0.182255, 0.231173
1195, 0.181545, 0.230860
1196, 0.181867, 0.202253
1197, 0.181703, 0.232320
1198, 0.181692, 0.232990
1199, 0.181608, 0.233688
1200, 0.251037, 0.199445
1201, 0.182047, 0.236482
1202, 0.182173, 0.238422
1203, 0.182015, 0.238555
1204, 0.182328, 0.207037
1205, 0.182295, 0.234923
1206, 0.182168, 0.233828
1207, 0.182175, 0.234365
1208, 0.182242, 0.200162
1209, 0.182740, 0.237933
1210, 0.192467, 0.239282
1211, 0.182607, 0.242427
1212, 0.182840, 0.205105
1213, 0.182913, 0.241657
1214, 0.182715, 0.241463
1215, 0.267835, 0.240262
1216, 0.168042, 0.205517
1217, 0.190413, 0.244197
1218, 0.190505, 0.243287
1219, 0.190557, 0.243912
1220, 0.190587, 0.209280
1221, 0.190545, 0.237458
1222, 0.190527, 0.235672
1223, 0.190745, 0.234210
1224, 0.190325, 0.203807
1225, 0.191337, 0.240097
1226, 0.191537, 0.241520
1227, 0.191685, 0.240413
1228, 0.191427, 0.214997
1229, 0.191365, 0.240375
1230, 0.191583, 0.238527
1231, 0.191273, 0.242793
1232, 0.269478, 0.209698
1233, 0.191553, 0.249480
1234, 0.191387, 0.257487
1235, 0.191462, 0.249648
1236, 0.191590, 0.219787
1237, 0.191493, 0.244342
1238, 0.191598, 0.245633
1239, 0.191568, 0.245875
1240, 0.191368, 0.209007
1241, 0.192522, 0.252930
1242, 0.192510, 0.253050
1243, 0.192345, 0.252098
1244, 0.192073, 0.216010
1245, 0.192132, 0.253313
1246, 0.192350, 0.253552
1247, 0.192203, 0.251830
1248, 0.176318, 0.213455
1249, 0.190577, 0.245192
1250, 0.260310, 0.244382
1251, 0.190620, 0.243928
1252, 0.190713, 0.211348
1253, 0.190377, 0.238660
1254, 0.190493, 0.238622
1255, 0.190767, 0.237500
1256, 0.196690, 0.206905
1257, 0.191593, 0.240718
1258, 0.192167, 0.241722
1259, 0.192078, 0.244260
1260, 0.192207, 0.212622
1261, 0.192298, 0.241575
1262, 0.194167, 0.242280
1263, 0.192870, 0.242115
1264, 0.197565, 0.214148
1265, 0.194693, 0.254903
1266, 0.193525, 0.253492
1267, 0.192373, 0.254930
1268, 0.194468, 0.269477
1269, 0.194413, 0.249023
1270, 0.191435, 0.249310
1271, 0.191065, 0.248825
1272, 0.191327, 0.212298
1273, 0.192015, 0.255342
1274, 0.191777, 0.256043
1275, 0.191862, 0.254375
1276, 0.192042, 0.219770
1277, 0.191807, 0.258427
1278, 0.225443, 0.256787
1279, 0.191913, 0.257922
1280, 0.176127, 0.217438
1281, 0.199478, 0.264750
1282, 0.199735, 0.263418
1283, 0.199465, 0.266553
1284, 0.199673, 0.225545
1285, 0.199572, 0.294797
1286, 0.199538, 0.255503
1287, 0.210443, 0.257518
1288, 0.199280, 0.222045
1289, 0.200298, 0.261435
1290, 0.200452, 0.258907
1291, 0.200267, 0.259673
1292, 0.200512, 0.226400
1293, 0.200462, 0.259545
1294, 0.200440, 0.260092
1295, 0.200518, 0.262550
1296, 0.199772, 0.227628
1297, 0.200727, 0.269577
1298, 0.200903, 0.268903
1299, 0.200828, 0.268813
1300, 0.200938, 0.234883
1301, 0.200802, 0.263505
1302, 0.200863, 0.262103
1303, 0.201053, 0.265163
1304, 0.200642, 0.226417
1305, 0.201478, 0.272688
1306, 0.201445, 0.271930
1307, 0.201547, 0.270570
1308, 0.201682, 0.233485
1309, 0.201477, 0.274753
1310, 0.201508, 0.273993
1311, 0.201713, 0.275543
1312, 0.185567, 0.233932
1313, 0.199395, 0.275395
1314, 0.199973, 0.277963
1315, 0.199502, 0.276600
1316, 0.199813, 0.239963
1317, 0.199613, 0.267542
1318, 0.199702, 0.269317
1319, 0.199645, 0.271135
1320, 0.199163, 0.237153
1321, 0.200415, 0.272052
1322, 0.200348, 0.271583
1323, 0.202132, 0.271277
1324, 0.200493, 0.240820
1325, 0.200363, 0.271917
1326, 0.201265, 0.277892
1327, 0.200783, 0.276090
1328, 0.201278, 0.242178
1329, 0.201743, 0.279947
1330, 0.203277, 0.282723
1331, 0.209742, 0.283847
1332, 0.204292, 0.250398
1333, 0.203402, 0.282212
1334, 0.204135, 0.280923
1335, 0.204485, 0.290398
1336, 0.246900, 0.247510
1337, 0.285927, 0.289983
1338, 0.201867, 0.287028
1339, 0.201978, 0.296893
1340, 0.209988, 0.248262
1341, 0.201662, 0.287965
1342, 0.201820, 0.289268
1343, 0.201305, 0.289063
1344, 0.185110, 0.247138
1345, 0.209522, 0.290195
1346, 0.209368, 0.287302
1347, 0.209230, 0.288167
1348, 0.209395, 0.252312
1349, 0.209122, 0.286785
1350, 0.209287, 0.282372
1351, 0.209447, 0.284492
1352, 0.208958, 0.252098
1353, 0.210445, 0.288092
1354, 0.210227, 0.284920
1355, 0.210740, 0.287808
1356, 0.210208, 0.253548
1357, 0.210290, 0.288803
1358, 0.211248, 0.286628
1359, 0.210758, 0.291858
1360, 0.209868, 0.253903
1361, 0.210427, 0.297598
1362, 0.210318, 0.298465
1363, 0.210525, 0.298158
1364, 0.210203, 0.263268
1365, 0.210430, 0.294092
1366, 0.210253, 0.294067
1367, 0.210522, 0.294097
1368, 0.210038, 0.254513
1369, 0.211323, 0.299443
1370, 0.210850, 0.301003
1371, 0.211783, 0.300672
1372, 0.211297, 0.261510
1373, 0.211130, 0.301947
1374, 0.210958, 0.303135
1375, 0.211143, 0.303507
1376, 0.193727, 0.263200
1377, 0.209468, 0.279507
1378, 0.209105, 0.282630
1379, 0.209473, 0.279558
1380, 0.209220, 0.248958
1381, 0.209597, 0.277100
1382, 0.209173, 0.277683
1383, 0.209182, 0.278287
1384, 0.208947, 0.239013
1385, 0.210572, 0.280477
1386, 0.210367, 0.277103
1387, 0.210090, 0.278878
1388, 0.210505, 0.247763
1389, 0.211075, 0.291930
1390, 0.217017, 0.291425
1391, 0.217152, 0.284683
1392, 0.225710, 0.249093
1393, 0.210808, 0.286725
1394, 0.211220, 0.372952
1395, 0.221178, 0.296158
1396, 0.217605, 0.262407
1397, 0.214448, 0.289960
1398, 0.212137, 0.291073
1399, 0.215178, 0.290237
1400, 0.208800, 0.250917
1401, 0.210717, 0.294583
1402, 0.210715, 0.296518
1403, 0.210507, 0.293798
1404, 0.210773, 0.250548
1405, 0.210417, 0.300478
1406, 0.210233, 0.301238
1407, 0.258468, 0.299465
1408, 0.193620, 0.252922
1409, 0.217627, 0.297952
1410, 0.217693, 0.297018
1411, 0.218088, 0.306347
1412, 0.224605, 0.264122
1413, 0.217357, 0.291498
1414, 0.217730, 0.291340
1415, 0.217648, 0.292997
1416, 0.217568, 0.252088
1417, 0.218348, 0.293083
1418, 0.218727, 0.291562
1419, 0.218412, 0.297107
1420, 0.218798, 0.260367
1421, 0.218618, 0.297517
1422, 0.231963, 0.296725
1423, 0.218430, 0.298422
1424, 0.218293, 0.256733
1425, 0.219503, 0.304985
1426, 0.219607, 0.302900
1427, 0.219580, 0.307258
1428, 0.219455, 0.267978
1429, 0.219488, 0.300807
1430, 0.220013, 0.301457
1431, 0.219522, 0.301677
1432, 0.219305, 0.261518
1433, 0.220323, 0.309567
1434, 0.220252, 0.308645
1435, 0.220503, 0.310313
1436, 0.220438, 0.265332
1437, 0.220327, 0.311523
1438, 0.220203, 0.311075
1439, 0.220093, 0.312835
1440, 0.202253, 0.297087
1441, 0.217545, 0.304668
1442, 0.217505, 0.310345
1443, 0.217547, 0.312357
1444, 0.217377, 0.274165
1445, 0.217575, 0.301420
1446, 0.217450, 0.299497
1447, 0.217522, 0.295645
1448, 0.216960, 0.256458
1449, 0.218478, 0.297255
1450, 0.219232, 0.302322
1451, 0.218733, 0.302335
1452, 0.219185, 0.264112
1453, 0.218917, 0.304588
1454, 0.251017, 0.305858
1455, 0.218317, 0.306802
1456, 0.219030, 0.262465
1457, 0.220573, 0.308278
1458, 0.219583, 0.313443
1459, 0.219565, 0.312723
1460, 0.219448, 0.271503
1461, 0.219737, 0.307468
1462, 0.219395, 0.309538
1463, 0.219322, 0.310870
1464, 0.219243, 0.261057
1465, 0.220297, 0.318437
1466, 0.220255, 0.312035
1467, 0.220228, 0.315287
1468, 0.220267, 0.269597
1469, 0.220027, 0.318455
1470, 0.220235, 0.318547
1471, 0.220162, 0.321412
1472, 0.202028, 0.270460
1473, 0.227712, 0.392673
1474, 0.227612, 0.323725
1475, 0.227625, 0.320432
1476, 0.227605, 0.277728
1477, 0.227295, 0.310012
1478, 0.227675, 0.310325
1479, 0.227525, 0.310730
1480, 0.227247, 0.265910
1481, 0.298535, 0.313372
1482, 0.228632, 0.311873
1483, 0.228542, 0.315015
1484, 0.228783, 0.272692
1485, 0.228523, 0.315450
1486, 0.228863, 0.316017
1487, 0.228833, 0.316778
1488, 0.228838, 0.273467
1489, 0.229890, 0.328517
1490, 0.230105, 0.329880
1491, 0.229067, 0.329177
1492, 0.228880, 0.280577
1493, 0.228912, 0.319248
1494, 0.228923, 0.321418
1495, 0.228710, 0.324258
1496, 0.228680, 0.273210
1497, 0.237895, 0.326567
1498, 0.229578, 0.332035
1499, 0.229402, 0.327860
1500, 0.229710, 0.279190
1501, 0.229640, 0.328765
1502, 0.229673, 0.330178
1503, 0.229697, 0.326813
1504, 0.210672, 0.278650
1505, 0.228197, 0.324075
1506, 0.227827, 0.328128
1507, 0.227990, 0.328157
1508, 0.228593, 0.281955
1509, 0.228630, 0.315582
1510, 0.228710, 0.316818
1511, 0.249065, 0.310275
1512, 0.228818, 0.274780
1513, 0.230072, 0.320630
1514, 0.230370, 0.319260
1515, 0.229888, 0.318937
1516, 0.229483, 0.282325
1517, 0.229735, 0.322242
1518, 0.229568, 0.317997
1519, 0.229708, 0.319773
1520, 0.227867, 0.283240
1521, 0.228935, 0.352210
1522, 0.229705, 0.359922
1523, 0.241242, 0.400557
1524, 0.228192, 0.295247
1525, 0.228880, 0.324752
1526, 0.228153, 0.324688
1527, 0.227983, 0.325465
1528, 0.227763, 0.279778
1529, 0.228727, 0.338167
1530, 0.229533, 0.336400
1531, 0.229223, 0.337720
1532, 0.229213, 0.286388
1533, 0.229387, 0.339267
1534, 0.229130, 0.339128
1535, 0.229338, 0.337412
1536, 0.210492, 0.289513
1537, 0.237223, 0.344068
1538, 0.237150, 0.341197
1539, 0.237298, 0.345917
1540, 0.237407, 0.295392
1541, 0.237170, 0.345078
1542, 0.237268, 0.326557
1543, 0.237402, 0.335925
1544, 0.236913, 0.286518
1545, 0.238582, 0.327748
1546, 0.238537, 0.332765
1547, 0.238508, 0.333810
1548, 0.238573, 0.295465
1549, 0.238707, 0.340675
1550, 0.238440, 0.332810
1551, 0.238345, 0.341828
1552, 0.236870, 0.298935
1553, 0.238125, 0.350577
1554, 0.238112, 0.350732
1555, 0.238050, 0.346962
1556, 0.238062, 0.304852
1557, 0.238075, 0.337152
1558, 0.238005, 0.341528
1559, 0.238117, 0.341552
1560, 0.237973, 0.300332
1561, 0.239187, 0.349515
1562, 0.238782, 0.348223
1563, 0.239025, 0.361553
1564, 0.247092, 0.311042
1565, 0.247177, 0.353908
1566, 0.340867, 0.348298
1567, 0.239835, 0.352415
1568, 0.220583, 0.303343
1569, 0.239243, 0.361907
1570, 0.241275, 0.348455
1571, 0.237352, 0.347577
1572, 0.237317, 0.301642
1573, 0.237315, 0.338917
1574, 0.237337, 0.339398
1575, 0.237500, 0.338567
1576, 0.236982, 0.295268
1577, 0.238082, 0.336467
1578, 0.238357, 0.340277
1579, 0.238447, 0.338697
1580, 0.238488, 0.301095
1581, 0.238528, 0.338777
1582, 0.238432, 0.353868
1583, 0.238218, 0.351583
1584, 0.237350, 0.303822
1585, 0.238373, 0.359073
1586, 0.238450, 0.358773
1587, 0.238532, 0.355682
1588, 0.238343, 0.311590
1589, 0.238382, 0.347140
1590, 0.238333, 0.348553
1591, 0.238483, 0.350145
1592, 0.238130, 0.301180
1593, 0.239182, 0.361270
1594, 0.239298, 0.360053
1595, 0.239802, 0.363442
1596, 0.239537, 0.311435
1597, 0.239600, 0.358572
1598, 0.239288, 0.362092
1599, 0.239407, 0.365965
1600, 0.219498, 0.310098
1601, 0.246412, 0.359760
1602, 0.254083, 0.356647
1603, 0.246545, 0.356372
1604, 0.246510, 0.309950
1605, 0.246397, 0.351585
1606, 0.246405, 0.353843
1607, 0.246685, 0.352700
1608, 0.246135, 0.303728
1609, 0.247643, 0.354535
1610, 0.340200, 0.355393
1611, 0.247538, 0.349182
1612, 0.247890, 0.312212
1613, 0.248035, 0.362692
1614, 0.247855, 0.363260
1615, 0.247767, 0.363380
1616, 0.343828, 0.314598
1617, 0.247997, 0.367442
1618, 0.248763, 0.369623
1619, 0.251810, 0.365880
1620, 0.249315, 0.325388
1621, 0.247142, 0.359358
1622, 0.247652, 0.362933
1623, 0.247620, 0.362885
1624, 0.247427, 0.318378
1625, 0.248503, 0.367762
1626, 0.248565, 0.369780
1627, 0.248665, 0.368923
1628, 0.249107, 0.323655
1629, 0.248797, 0.374325
1630, 0.248592, 0.373902
1631, 0.248605, 0.373898
1632, 0.228077, 0.318008
1633, 0.246095, 0.361507
1634, 0.246110, 0.358238
1635, 0.246368, 0.360030
1636, 0.246357, 0.319480
1637, 0.246500, 0.355377
1638, 0.246258, 0.355057
1639, 0.246265, 0.354878
1640, 0.245980, 0.310373
1641, 0.247588, 0.355550
1642, 0.247673, 0.359017
1643, 0.247287, 0.355567
1644, 0.247428, 0.320582
1645, 0.247297, 0.365097
1646, 0.247662, 0.377073
1647, 0.247577, 0.364657
1648, 0.246545, 0.316953
1649, 0.247210, 0.374478
1650, 0.247363, 0.370978
1651, 0.247285, 0.370890
1652, 0.319193, 0.330110
1653, 0.247207, 0.363453
1654, 0.247232, 0.370578
1655, 0.347600, 0.361900
1656, 0.247033, 0.319373
1657, 0.248038, 0.377495
1658, 0.247932, 0.376037
1659, 0.247847, 0.378228
1660, 0.304168, 0.329825
1661, 0.248448, 0.386395
1662, 0.248592, 0.382717
1663, 0.248348, 0.386115
1664, 0.227673, 0.319012
1665, 0.255335, 0.373923
1666, 0.255362, 0.375120
1667, 0.255712, 0.376283
1668, 0.255670, 0.335390
1669, 0.256408, 0.374350
1670, 0.256465, 0.368037
1671, 0.257372, 0.368915
1672, 0.259025, 0.330373
1673, 0.257883, 0.372572
1674, 0.260702, 0.374430
1675, 0.257482, 0.382480
1676, 0.258208, 0.340002
1677, 0.260068, 0.436962
1678, 0.256417, 0.382982
1679, 0.256638, 0.378090
1680, 0.255977, 0.333702
1681, 0.257045, 0.386942
1682, 0.257370, 0.387857
1683, 0.257328, 0.387782
1684, 0.257210, 0.344308
1685, 0.257303, 0.378732
1686, 0.256995, 0.380425
1687, 0.256940, 0.379795
1688, 0.256895, 0.334568
1689, 0.257997, 0.389215
1690, 0.257715, 0.393828
1691, 0.258003, 0.393633
1692, 0.258052, 0.341238
1693, 0.258580, 0.395152
1694, 0.258110, 0.398275
1695, 0.257830, 0.396952
1696, 0.236607, 0.342288
1697, 0.255188, 0.380877
1698, 0.255143, 0.385068
1699, 0.255232, 0.382342
1700, 0.255148, 0.338295
1701, 0.255172, 0.373353
1702, 0.255148, 0.372385
1703, 0.255185, 0.375945
1704, 0.254957, 0.326908
1705, 0.256308, 0.372283
1706, 0.256453, 0.384982
1707, 0.262205, 0.382567
1708, 0.256425, 0.335487
1709, 0.256450, 0.388238
1710, 0.256748, 0.382532
1711, 0.319770, 0.383810
1712, 0.256402, 0.335138
1713, 0.257182, 0.388190
1714, 0.257023, 0.394112
1715, 0.257045, 0.392725
1716, 0.257603, 0.345893
1717, 0.257440, 0.384673
1718, 0.257882, 0.431625
1719, 0.259443, 0.385502
1720, 0.256873, 0.337103
1721, 0.257940, 0.395463
1722, 0.258015, 0.398452
1723, 0.258077, 0.395505
1724, 0.257997, 0.349075
1725, 0.258617, 0.401545
1726, 0.258123, 0.400302
1727, 0.258045, 0.402270
1728, 0.236807, 0.343355
1729, 0.264970, 0.399598
1730, 0.265063, 0.395000
1731, 0.265092, 0.394767
1732, 0.264927, 0.350308
1733, 0.265008, 0.389253
1734, 0.264902, 0.392565
1735, 0.265100, 0.391113
1736, 0.264675, 0.337775
1737, 0.266390, 0.402635
1738, 0.266318, 0.399152
1739, 0.266453, 0.402745
1740, 0.266438, 0.361050
1741, 0.266548, 0.402545
1742, 0.266553, 0.399192
1743, 0.266318, 0.402285
1744, 0.265318, 0.346827
1745, 0.266485, 0.410925
1746, 0.266425, 0.405532
1747, 0.266277, 0.408257
1748, 0.266455, 0.357788
1749, 0.266375, 0.401170
1750, 0.266472, 0.402200
1751, 0.266445, 0.398043
1752, 0.266093, 0.349280
1753, 0.267345, 0.416262
1754, 0.267237, 0.415203
1755, 0.267480, 0.414150
1756, 0.267543, 0.361283
1757, 0.267247, 0.417187
1758, 0.267420, 0.417173
1759, 0.267438, 0.423112
1760, 0.245510, 0.355183
1761, 0.265560, 0.387462
1762, 0.265613, 0.388110
1763, 0.265378, 0.388375
1764, 0.266147, 0.339025
1765, 0.265840, 0.386555
1766, 0.266472, 0.461648
1767, 0.264860, 0.381593
1768, 0.265178, 0.337390
1769, 0.266792, 0.396387
1770, 0.266702, 0.395922
1771, 0.266867, 0.390527
1772, 0.270387, 0.347818
1773, 0.266572, 0.393793
1774, 0.266718, 0.396692
1775, 0.266740, 0.393802
1776, 0.264765, 0.343310
1777, 0.265902, 0.398772
1778, 0.265905, 0.395680
1779, 0.265778, 0.400822
1780, 0.266017, 0.353163
1781, 0.266058, 0.395317
1782, 0.265748, 0.395670
1783, 0.265882, 0.392420
1784, 0.265608, 0.344367
1785, 0.266820, 0.413192
1786, 0.267285, 0.411295
1787, 0.266970, 0.409030
1788, 0.266940, 0.354413
1789, 0.266768, 0.407035
1790, 0.266950, 0.413493
1791, 0.266605, 0.413260
1792, 0.244908, 0.349257
1793, 0.273907, 0.410442
1794, 0.273598, 0.409405
1795, 0.273515, 0.416087
1796, 0.273763, 0.362587
1797, 0.273767, 0.403445
1798, 0.273708, 0.398633
1799, 0.273572, 0.409247
1800, 0.273473, 0.363740
1801, 0.274947, 0.417020
1802, 0.274953, 0.417380
1803, 0.275062, 0.412830
1804, 0.274925, 0.370605
1805, 0.274900, 0.411363
1806, 0.274920, 0.413205
1807, 0.274738, 0.414977
1808, 0.274060, 0.369653
1809, 0.275560, 0.422322
1810, 0.275630, 0.420450
1811, 0.276097, 0.423007
1812, 0.283895, 0.378507
1813, 0.281798, 0.424000
1814, 0.276338, 0.412318
1815, 0.276215, 0.512717
1816, 0.278297, 0.373528
1817, 0.278747, 0.428993
1818, 0.277422, 0.489900
1819, 0.276927, 0.430790
1820, 0.276388, 0.379575
1821, 0.276415, 0.433692
1822, 0.276423, 0.431363
1823, 0.276590, 0.436605
1824, 0.254122, 0.373557
1825, 0.273680, 0.436828
1826, 0.273680, 0.437082
1827, 0.273820, 0.436263
1828, 0.273653, 0.383522
1829, 0.273823, 0.416337
1830, 0.273957, 0.429000
1831, 0.274010, 0.426257
1832, 0.273385, 0.384180
1833, 0.274778, 0.440075
1834, 0.274742, 0.435058
1835, 0.274815, 0.436260
1836, 0.315178, 0.388418
1837, 0.274637, 0.427335
1838, 0.274905, 0.434103
1839, 0.274815, 0.433290
1840, 0.274927, 0.384190
1841, 0.275958, 0.436968
1842, 0.275782, 0.438843
1843, 0.275862, 0.441347
1844, 0.275970, 0.398167
1845, 0.276408, 0.438495
1846, 0.275917, 0.443338
1847, 0.276293, 0.441295
1848, 0.275442, 0.387825
1849, 0.276955, 0.447685
1850, 0.276842, 0.449518
1851, 0.276717, 0.445673
1852, 0.276865, 0.394032
1853, 0.276970, 0.447483
1854, 0.277043, 0.451070
1855, 0.277420, 0.452038
1856, 0.254568, 0.393200
1857, 0.284443, 0.442302
1858, 0.284935, 0.441668
1859, 0.286555, 0.445435
1860, 0.285627, 0.393187
1861, 0.285708, 0.435822
1862, 0.285470, 0.443512
1863, 0.294220, 0.486535
1864, 0.282875, 0.396723
1865, 0.285035, 0.441338
1866, 0.284968, 0.436373
1867, 0.284883, 0.444138
1868, 0.285052, 0.396645
1869, 0.284915, 0.445055
1870, 0.284900, 0.440372
1871, 0.284878, 0.444908
1872, 0.284232, 0.394525
1873, 0.286523, 0.448667
1874, 0.285172, 0.448013
1875, 0.285063, 0.449177
1876, 0.285237, 0.401967
1877, 0.285235, 0.444772
1878, 0.285173, 0.447128
1879, 0.284928, 0.445280
1880, 0.285003, 0.394862
1881, 0.286193, 0.458860
1882, 0.286063, 0.457827
1883, 0.286140, 0.455550
1884, 0.285887, 0.401625
1885, 0.286112, 0.464747
1886, 0.286107, 0.458612
1887, 0.287395, 0.465862
1888, 0.262642, 0.397337
1889, 0.283777, 0.443713
1890, 0.283423, 0.441653
1891, 0.283617, 0.442615
1892, 0.283662, 0.396678
1893, 0.283460, 0.433632
1894, 0.283768, 0.432618
1895, 0.283303, 0.435342
1896, 0.283230, 0.389387
1897, 0.285183, 0.444023
1898, 0.312263, 0.455748
1899, 0.294375, 0.455075
1900, 0.293647, 0.396548
1901, 0.287037, 0.449165
1902, 0.287402, 0.495702
1903, 0.287813, 0.446007
1904, 0.283463, 0.389640
1905, 0.284258, 0.447580
1906, 0.284245, 0.446260
1907, 0.284412, 0.448402
1908, 0.284642, 0.400937
1909, 0.284775, 0.444192
1910, 0.284623, 0.447077
1911, 0.284512, 0.442577
1912, 0.284408, 0.387058
1913, 0.285690, 0.455588
1914, 0.285890, 0.455878
1915, 0.285535, 0.457230
1916, 0.285570, 0.406758
1917, 0.292460, 0.462638
1918, 0.285652, 0.461795
1919, 0.285715, 0.459720
1920, 0.262202, 0.395817
1921, 0.292265, 0.465055
1922, 0.292338, 0.458593
1923, 0.292168, 0.472170
1924, 0.292328, 0.420235
1925, 0.292168, 0.453187
1926, 0.292310, 0.457348
1927, 0.292745, 0.450128
1928, 0.292500, 0.407933
1929, 0.296070, 0.467317
1930, 0.294965, 0.462408
1931, 0.293622, 0.468568
1932, 0.293425, 0.423183
1933, 0.293540, 0.459577
1934, 0.293647, 0.460070
1935, 0.293547, 0.460332
1936, 0.293388, 0.415807
1937, 0.295258, 0.472152
1938, 0.296148, 0.466550
1939, 0.294388, 0.473535
1940, 0.413483, 0.425128
1941, 0.294993, 0.472123
1942, 0.294738, 0.474562
1943, 0.294575, 0.467897
1944, 0.294468, 0.420298
1945, 0.295752, 0.479872
1946, 0.295027, 0.478782
1947, 0.295005, 0.474127
1948, 0.294942, 0.427672
1949, 0.295537, 0.486585
1950, 0.295358, 0.478258
1951, 0.295317, 0.483180
1952, 0.270897, 0.419913
1953, 0.291948, 0.459112
1954, 0.292128, 0.476377
1955, 0.292598, 0.469825
1956, 0.292307, 0.419748
1957, 0.292197, 0.460577
1958, 0.292027, 0.460247
1959, 0.292027, 0.460648
1960, 0.291912, 0.405630
1961, 0.293297, 0.464697
1962, 0.293142, 0.467273
1963, 0.293272, 0.462420
1964, 0.293103, 0.422507
1965, 0.293292, 0.463665
1966, 0.293457, 0.468615
1967, 0.293355, 0.462877
1968, 0.293543, 0.413303
1969, 0.294390, 0.475373
1970, 0.294422, 0.473780
1971, 0.294268, 0.479635
1972, 0.294395, 0.425370
1973, 0.294192, 0.474267
1974, 0.294187, 0.472918
1975, 0.294338, 0.472333
1976, 0.294012, 0.415142
1977, 0.295403, 0.481637
1978, 0.295318, 0.483438
1979, 0.295138, 0.481097
1980, 0.295337, 0.427528
1981, 0.295492, 0.506612
1982, 0.295750, 0.488475
1983, 0.296330, 0.491348
1984, 0.272558, 0.417442
1985, 0.302650, 0.498473
1986, 0.306043, 0.493940
1987, 0.302512, 0.494100
1988, 0.303128, 0.435143
1989, 0.302395, 0.473195
1990, 0.304158, 0.482500
1991, 0.302897, 0.475095
1992, 0.302828, 0.425472
1993, 0.304233, 0.545105
1994, 0.303468, 0.487685
1995, 0.303342, 0.484922
1996, 0.302857, 0.437908
1997, 0.302883, 0.482355
1998, 0.303147, 0.482698
1999, 0.303187, 0.477205
