0, 128, 0, 0
32, 0.041820, 0.040863
33, 0.330793, 0.041720
34, 0.092200, 0.193405
35, 0.061648, 0.067612
36, 0.071355, 0.102385
37, 0.089860, 0.109273
38, 0.089678, 0.105472
39, 0.089855, 0.110138
40, 0.089218, 0.102470
41, 0.090410, 0.037210
42, 0.047857, 0.037355
43, 0.040750, 0.036728
44, 0.037423, 0.037460
45, 0.037255, 0.037485
46, 0.049207, 0.037875
47, 0.037190, 0.036830
48, 0.037530, 0.037658
49, 0.037435, 0.037253
50, 0.037430, 0.037113
51, 0.037325, 0.036927
52, 0.051518, 0.037367
53, 0.040180, 0.038953
54, 0.036880, 0.038122
55, 0.036690, 0.039550
56, 0.036637, 0.037143
57, 0.036517, 0.040883
58, 0.036695, 0.038495
59, 0.038838, 0.040847
60, 0.036750, 0.037730
61, 0.037010, 0.041248
62, 0.036725, 0.048977
63, 0.039293, 0.041397
64, 0.037560, 0.038260
65, 0.036858, 0.042935
66, 0.036845, 0.038345
67, 0.037068, 0.036830
68, 0.037285, 0.036092
69, 0.037178, 0.036888
70, 0.037322, 0.036838
71, 0.037067, 0.036780
72, 0.037362, 0.047993
73, 0.037058, 0.036808
74, 0.037180, 0.036922
75, 0.037297, 0.036595
76, 0.037065, 0.036242
77, 0.037223, 0.036938
78, 0.038303, 0.036978
79, 0.037530, 0.046693
80, 0.031653, 0.031932
81, 0.041877, 0.036707
82, 0.036938, 0.039583
83, 0.046403, 0.036613
84, 0.037090, 0.036595
85, 0.037022, 0.036967
86, 0.036978, 0.036543
87, 0.037055, 0.036503
88, 0.037332, 0.036620
89, 0.036885, 0.036392
90, 0.037107, 0.036403
91, 0.037195, 0.036393
92, 0.039792, 0.036778
93, 0.046110, 0.036603
94, 0.037555, 0.037560
95, 0.037420, 0.036603
96, 0.037700, 0.036753
97, 0.037450, 0.036567
98, 0.037513, 0.036598
99, 0.037407, 0.036570
100, 0.037398, 0.036892
101, 0.037320, 0.036293
102, 0.040140, 0.036548
103, 0.046282, 0.036648
104, 0.037443, 0.037083
105, 0.037282, 0.036682
106, 0.037385, 0.036802
107, 0.037577, 0.036930
108, 0.038047, 0.036778
109, 0.037290, 0.036730
110, 0.037353, 0.036882
111, 0.037473, 0.037305
112, 0.039935, 0.036753
113, 0.037303, 0.045895
114, 0.037358, 0.037022
115, 0.037768, 0.037625
116, 0.037365, 0.036597
117, 0.037952, 0.037340
118, 0.037148, 0.037315
119, 0.037343, 0.038210
120, 0.037472, 0.037278
121, 0.037420, 0.043518
122, 0.031640, 0.032557
123, 0.052257, 0.045795
124, 0.037832, 0.036760
125, 0.037575, 0.035935
126, 0.040160, 0.036328
127, 0.037620, 0.036057
128, 0.039288, 0.036725
129, 0.041457, 0.038710
130, 0.041403, 0.038950
131, 0.041382, 0.042500
132, 0.044697, 0.038455
133, 0.041593, 0.038215
134, 0.043575, 0.041145
135, 0.034605, 0.037457
136, 0.037293, 0.038163
137, 0.037460, 0.037110
138, 0.036542, 0.037943
139, 0.037180, 0.038043
140, 0.037005, 0.038040
141, 0.037148, 0.041228
142, 0.037845, 0.038163
143, 0.036992, 0.037990
144, 0.046967, 0.038240
145, 0.036982, 0.037900
146, 0.037157, 0.042045
147, 0.037192, 0.037567
148, 0.036845, 0.037810
149, 0.036640, 0.037567
150, 0.037115, 0.037570
151, 0.040508, 0.037605
152, 0.037187, 0.037803
153, 0.037267, 0.037572
154, 0.037040, 0.048892
155, 0.038163, 0.043537
156, 0.038978, 0.037923
157, 0.035668, 0.036902
158, 0.035742, 0.037007
159, 0.043942, 0.041963
160, 0.037330, 0.039200
161, 0.040598, 0.037570
162, 0.036533, 0.037642
163, 0.034403, 0.032973
164, 0.034248, 0.030262
165, 0.040152, 0.040272
166, 0.036992, 0.040515
167, 0.044457, 0.039448
168, 0.040625, 0.051405
169, 0.049022, 0.046608
170, 0.037867, 0.058042
171, 0.086072, 0.112065
172, 0.082475, 0.045940
173, 0.050135, 0.037605
174, 0.176933, 0.052890
175, 0.043320, 0.046807
176, 0.046263, 0.046393
177, 0.082157, 0.042708
178, 0.048943, 0.041778
179, 0.037072, 0.052387
180, 0.050098, 0.051233
181, 0.049367, 0.044727
182, 0.047228, 0.048398
183, 0.037108, 0.037442
184, 0.039937, 0.061063
185, 0.037763, 0.040427
186, 0.040690, 0.038717
187, 0.036502, 0.037190
188, 0.036422, 0.035863
189, 0.036825, 0.036892
190, 0.036545, 0.039682
191, 0.036418, 0.036998
192, 0.036085, 0.035848
193, 0.037003, 0.039075
194, 0.035875, 0.038348
195, 0.045800, 0.038400
196, 0.036110, 0.036172
197, 0.035812, 0.038138
198, 0.036158, 0.038162
199, 0.038393, 0.036802
200, 0.048213, 0.036015
201, 0.035738, 0.037640
202, 0.036422, 0.037642
203, 0.035775, 0.037803
204, 0.035628, 0.036160
205, 0.045050, 0.038102
206, 0.035608, 0.038175
207, 0.035858, 0.038307
208, 0.036135, 0.036600
209, 0.035980, 0.038480
210, 0.038823, 0.038517
211, 0.036090, 0.043530
212, 0.034037, 0.034077
213, 0.051585, 0.051340
214, 0.052253, 0.051468
215, 0.045795, 0.045953
216, 0.035575, 0.035765
217, 0.035528, 0.036922
218, 0.035535, 0.036980
219, 0.035643, 0.038787
220, 0.038255, 0.035908
221, 0.035598, 0.036983
222, 0.035625, 0.037172
223, 0.035695, 0.037142
224, 0.037177, 0.032788
225, 0.059983, 0.044793
226, 0.035628, 0.035768
227, 0.035657, 0.035908
228, 0.035817, 0.036760
229, 0.035547, 0.038648
230, 0.035682, 0.036118
231, 0.035735, 0.036297
232, 0.035757, 0.037580
233, 0.035713, 0.035875
234, 0.035747, 0.035957
235, 0.035703, 0.036167
236, 0.044710, 0.035950
237, 0.042065, 0.034048
238, 0.055613, 0.052347
239, 0.054543, 0.054525
240, 0.063780, 0.036780
241, 0.035850, 0.035818
242, 0.035597, 0.035533
243, 0.035935, 0.035675
244, 0.035683, 0.036180
245, 0.035620, 0.035548
246, 0.045295, 0.035675
247, 0.035930, 0.036032
248, 0.035822, 0.038410
249, 0.036600, 0.040182
250, 0.037593, 0.038565
251, 0.037253, 0.037112
252, 0.037420, 0.037225
253, 0.037333, 0.036962
254, 0.037908, 0.036915
255, 0.037915, 0.037220
256, 0.038760, 0.047172
257, 0.057762, 0.040315
258, 0.057682, 0.040973
259, 0.057572, 0.041095
260, 0.057715, 0.037903
261, 0.057623, 0.040100
262, 0.057553, 0.040815
263, 0.057758, 0.040865
264, 0.057700, 0.038460
265, 0.057937, 0.041147
266, 0.058023, 0.050563
267, 0.058045, 0.042198
268, 0.058003, 0.039822
269, 0.058047, 0.041623
270, 0.058042, 0.041913
271, 0.057995, 0.042302
272, 0.057672, 0.040122
273, 0.058143, 0.043632
274, 0.058130, 0.044223
275, 0.057995, 0.044378
276, 0.058145, 0.042877
277, 0.066607, 0.044350
278, 0.058082, 0.044512
279, 0.058147, 0.043135
280, 0.058120, 0.041085
281, 0.058460, 0.043640
282, 0.058365, 0.043665
283, 0.058395, 0.044147
284, 0.058388, 0.041850
285, 0.058307, 0.045012
286, 0.058342, 0.045255
287, 0.058340, 0.044178
288, 0.054010, 0.044585
289, 0.058070, 0.047592
290, 0.058113, 0.044842
291, 0.057927, 0.045480
292, 0.058100, 0.043153
293, 0.058043, 0.044700
294, 0.058103, 0.045000
295, 0.058103, 0.045788
296, 0.058055, 0.043725
297, 0.058292, 0.045710
298, 0.058332, 0.047865
299, 0.058465, 0.045452
300, 0.058257, 0.042823
301, 0.058258, 0.046395
302, 0.058312, 0.046197
303, 0.058223, 0.046458
304, 0.058182, 0.044185
305, 0.058523, 0.048608
306, 0.058477, 0.048003
307, 0.058402, 0.048592
308, 0.058485, 0.044793
309, 0.058415, 0.047213
310, 0.058383, 0.047007
311, 0.058597, 0.047508
312, 0.058420, 0.044935
313, 0.058697, 0.047127
314, 0.058788, 0.047502
315, 0.058697, 0.047882
316, 0.058682, 0.044937
317, 0.058637, 0.056770
318, 0.060105, 0.047595
319, 0.058663, 0.047687
320, 0.054102, 0.045347
321, 0.058362, 0.049430
322, 0.058158, 0.049467
323, 0.058160, 0.049915
324, 0.058165, 0.047987
325, 0.058265, 0.049058
326, 0.058112, 0.049293
327, 0.058112, 0.053068
328, 0.057965, 0.047232
329, 0.058453, 0.049243
330, 0.058448, 0.049320
331, 0.058362, 0.049582
332, 0.058315, 0.047357
333, 0.058483, 0.050355
334, 0.058422, 0.050677
335, 0.058325, 0.050848
336, 0.058345, 0.048398
337, 0.058533, 0.052625
338, 0.058488, 0.051517
339, 0.058572, 0.051677
340, 0.058523, 0.048728
341, 0.058510, 0.050803
342, 0.058522, 0.051210
343, 0.058543, 0.051168
344, 0.058365, 0.048532
345, 0.058822, 0.051355
346, 0.058775, 0.051273
347, 0.058828, 0.051465
348, 0.066295, 0.049015
349, 0.058693, 0.051532
350, 0.058903, 0.051938
351, 0.058747, 0.051912
352, 0.054163, 0.049395
353, 0.058163, 0.049583
354, 0.058237, 0.049827
355, 0.058237, 0.050145
356, 0.058073, 0.047587
357, 0.058295, 0.048842
358, 0.058148, 0.048917
359, 0.058073, 0.049367
360, 0.058172, 0.045965
361, 0.058420, 0.048662
362, 0.058367, 0.048910
363, 0.058535, 0.049073
364, 0.058482, 0.046505
365, 0.058165, 0.050610
366, 0.058547, 0.050933
367, 0.058413, 0.050862
368, 0.058043, 0.047672
369, 0.058295, 0.051603
370, 0.058340, 0.051590
371, 0.058248, 0.052245
372, 0.058353, 0.048047
373, 0.058372, 0.050640
374, 0.058113, 0.050937
375, 0.058373, 0.051217
376, 0.058333, 0.048712
377, 0.058442, 0.051650
378, 0.058938, 0.052832
379, 0.058997, 0.052597
380, 0.058505, 0.048695
381, 0.058595, 0.051790
382, 0.058552, 0.052272
383, 0.058437, 0.052493
384, 0.054187, 0.048723
385, 0.075872, 0.060085
386, 0.075972, 0.060317
387, 0.076023, 0.060217
388, 0.075865, 0.067445
389, 0.076070, 0.058913
390, 0.076095, 0.059093
391, 0.076002, 0.059447
392, 0.075848, 0.057010
393, 0.076072, 0.059288
394, 0.076433, 0.065437
395, 0.076357, 0.060163
396, 0.076923, 0.058157
397, 0.076273, 0.060763
398, 0.076268, 0.060978
399, 0.076448, 0.060935
400, 0.076062, 0.058305
401, 0.076612, 0.062975
402, 0.076442, 0.062342
403, 0.076573, 0.062718
404, 0.076508, 0.059650
405, 0.076385, 0.061918
406, 0.076623, 0.062072
407, 0.076550, 0.062203
408, 0.076508, 0.059862
409, 0.076865, 0.062285
410, 0.076823, 0.062660
411, 0.076853, 0.062123
412, 0.076705, 0.059293
413, 0.076950, 0.062900
414, 0.076812, 0.062860
415, 0.076802, 0.064365
416, 0.070803, 0.059242
417, 0.075738, 0.063233
418, 0.075817, 0.063120
419, 0.075805, 0.063228
420, 0.075992, 0.060293
421, 0.075933, 0.062455
422, 0.076375, 0.062892
423, 0.076252, 0.063038
424, 0.075977, 0.060127
425, 0.076680, 0.063418
426, 0.076523, 0.063688
427, 0.076592, 0.063770
428, 0.076622, 0.062367
429, 0.076643, 0.064747
430, 0.076517, 0.166513
431, 0.076630, 0.065067
432, 0.076513, 0.060760
433, 0.077018, 0.066050
434, 0.077017, 0.065950
435, 0.078750, 0.126542
436, 0.076878, 0.228778
437, 0.079582, 0.068167
438, 0.079640, 0.068385
439, 0.083893, 0.069330
440, 0.079468, 0.065770
441, 0.079748, 0.069038
442, 0.078005, 0.151013
443, 0.077182, 0.200710
444, 0.077153, 0.068852
445, 0.077042, 0.066572
446, 0.077035, 0.064920
447, 0.091220, 0.071643
448, 0.074697, 0.068080
449, 0.080350, 0.073332
450, 0.080228, 0.073545
451, 0.080237, 0.073537
452, 0.080093, 0.069980
453, 0.080162, 0.066095
454, 0.075833, 0.069378
455, 0.076688, 0.069987
456, 0.076677, 0.065522
457, 0.154687, 0.066318
458, 0.075725, 0.066467
459, 0.075667, 0.066643
460, 0.075588, 0.063945
461, 0.075772, 0.067637
462, 0.075755, 0.067068
463, 0.075810, 0.067783
464, 0.075748, 0.064235
465, 0.075775, 0.069402
466, 0.075928, 0.069657
467, 0.075932, 0.069353
468, 0.075948, 0.066017
469, 0.076020, 0.068298
470, 0.075987, 0.069275
471, 0.075987, 0.069155
472, 0.075638, 0.066203
473, 0.076322, 0.068565
474, 0.077742, 0.068782
475, 0.076343, 0.068657
476, 0.076145, 0.065382
477, 0.076177, 0.069065
478, 0.076245, 0.068938
479, 0.079945, 0.069540
480, 0.070347, 0.065842
481, 0.075527, 0.063762
482, 0.075723, 0.064040
483, 0.075447, 0.064207
484, 0.075622, 0.061215
485, 0.075568, 0.063960
486, 0.075480, 0.064378
487, 0.075643, 0.064855
488, 0.075355, 0.060417
489, 0.076130, 0.064905
490, 0.075898, 0.064640
491, 0.076007, 0.065047
492, 0.075890, 0.060872
493, 0.076007, 0.068040
494, 0.076015, 0.065725
495, 0.075623, 0.066340
496, 0.075278, 0.061283
497, 0.075617, 0.066270
498, 0.075940, 0.066420
499, 0.075522, 0.072398
500, 0.075718, 0.063077
501, 0.075893, 0.066990
502, 0.075678, 0.067193
503, 0.075755, 0.067557
504, 0.075592, 0.062160
505, 0.076062, 0.066732
506, 0.075973, 0.066855
507, 0.076095, 0.067472
508, 0.076013, 0.062773
509, 0.076138, 0.068737
510, 0.075975, 0.067585
511, 0.075977, 0.067968
512, 0.070118, 0.062170
513, 0.094292, 0.075098
514, 0.094173, 0.072478
515, 0.093247, 0.073905
516, 0.093795, 0.070238
517, 0.093333, 0.072850
518, 0.093867, 0.071437
519, 0.093373, 0.072460
520, 0.093543, 0.069702
521, 0.093925, 0.072822
522, 0.094213, 0.072253
523, 0.093942, 0.072813
524, 0.094242, 0.069858
525, 0.093923, 0.073837
526, 0.094200, 0.072385
527, 0.094028, 0.072782
528, 0.093442, 0.069553
529, 0.093868, 0.074777
530, 0.094002, 0.075330
531, 0.093892, 0.075443
532, 0.093948, 0.072792
533, 0.094067, 0.075308
534, 0.093977, 0.075797
535, 0.093845, 0.074325
536, 0.093795, 0.071618
537, 0.094348, 0.076485
538, 0.094325, 0.076408
539, 0.094345, 0.074702
540, 0.094307, 0.071667
541, 0.094422, 0.076973
542, 0.094325, 0.076722
543, 0.094442, 0.075043
544, 0.086773, 0.070457
545, 0.093633, 0.077497
546, 0.093307, 0.077653
547, 0.095100, 0.078418
548, 0.093405, 0.073203
549, 0.093787, 0.075928
550, 0.093363, 0.076560
551, 0.093697, 0.077042
552, 0.100802, 0.072882
553, 0.094113, 0.076683
554, 0.094123, 0.076957
555, 0.094135, 0.076990
556, 0.094165, 0.071497
557, 0.094063, 0.076563
558, 0.093955, 0.076535
559, 0.094048, 0.076795
560, 0.093610, 0.073127
561, 0.094050, 0.080118
562, 0.094107, 0.079370
563, 0.094098, 0.080505
564, 0.094147, 0.077103
565, 0.093978, 0.079642
566, 0.094185, 0.078377
567, 0.093953, 0.079772
568, 0.093967, 0.075358
569, 0.094402, 0.079398
570, 0.094422, 0.079158
571, 0.094287, 0.079342
572, 0.094455, 0.076130
573, 0.094853, 0.080123
574, 0.094430, 0.078927
575, 0.094490, 0.079790
576, 0.087013, 0.073757
577, 0.093790, 0.083370
578, 0.093668, 0.081340
579, 0.093875, 0.082310
580, 0.093827, 0.081173
581, 0.093807, 0.081083
582, 0.093583, 0.080637
583, 0.094093, 0.082045
584, 0.093347, 0.079117
585, 0.094243, 0.084428
586, 0.094992, 0.080483
587, 0.094823, 0.080657
588, 0.094920, 0.076838
589, 0.094602, 0.081710
590, 0.094878, 0.081938
591, 0.094715, 0.082185
592, 0.094495, 0.078615
593, 0.094748, 0.084565
594, 0.095080, 0.085728
595, 0.094717, 0.086128
596, 0.094923, 0.082343
597, 0.094800, 0.083608
598, 0.094785, 0.084708
599, 0.094815, 0.084743
600, 0.094712, 0.080835
601, 0.095262, 0.083848
602, 0.095183, 0.084938
603, 0.095293, 0.085388
604, 0.095108, 0.089075
605, 0.095283, 0.084360
606, 0.095013, 0.085067
607, 0.095213, 0.084820
608, 0.087550, 0.079192
609, 0.094273, 0.088850
610, 0.094380, 0.087462
611, 0.094337, 0.087902
612, 0.094323, 0.083102
613, 0.094088, 0.086217
614, 0.094382, 0.086283
615, 0.094067, 0.087540
616, 0.094403, 0.146152
617, 0.095052, 0.085105
618, 0.144255, 0.084855
619, 0.095148, 0.085183
620, 0.094855, 0.105233
621, 0.095267, 0.085975
622, 0.095337, 0.086503
623, 0.095130, 0.089058
624, 0.097723, 0.085495
625, 0.100230, 0.093540
626, 0.098262, 0.094365
627, 0.098468, 0.095765
628, 0.098125, 0.085500
629, 0.094758, 0.089215
630, 0.094832, 0.088367
631, 0.093867, 0.089410
632, 0.094290, 0.085127
633, 0.095145, 0.089658
634, 0.094240, 0.089453
635, 0.095082, 0.090242
636, 0.094903, 0.082217
637, 0.095045, 0.089778
638, 0.094930, 0.089575
639, 0.095167, 0.089713
640, 0.087443, 0.082907
641, 0.112213, 0.099017
642, 0.112273, 0.098667
643, 0.112120, 0.099960
644, 0.112198, 0.093000
645, 0.112167, 0.099293
646, 0.112015, 0.096475
647, 0.112340, 0.096758
648, 0.111765, 0.089648
649, 0.112712, 0.095675
650, 0.112742, 0.096230
651, 0.112640, 0.096553
652, 0.112777, 0.089805
653, 0.112598, 0.097740
654, 0.112525, 0.097707
655, 0.113170, 0.098173
656, 0.112510, 0.093058
657, 0.122308, 0.101053
658, 0.113208, 0.102360
659, 0.112992, 0.100178
660, 0.113268, 0.095078
661, 0.113200, 0.099727
662, 0.112962, 0.100082
663, 0.113217, 0.099355
664, 0.112968, 0.124037
665, 0.113623, 0.100395
666, 0.113638, 0.100420
667, 0.113803, 0.100767
668, 0.113463, 0.092678
669, 0.113637, 0.100177
670, 0.113690, 0.159935
671, 0.113622, 0.100815
672, 0.104652, 0.092202
673, 0.112568, 0.102810
674, 0.112507, 0.103848
675, 0.112513, 0.103590
676, 0.112467, 0.094770
677, 0.112395, 0.100110
678, 0.112510, 0.099957
679, 0.112387, 0.169712
680, 0.112192, 0.093635
681, 0.112778, 0.099548
682, 0.113037, 0.099685
683, 0.112857, 0.099445
684, 0.112998, 0.093825
685, 0.113033, 0.101160
686, 0.112683, 0.203958
687, 0.112920, 0.102122
688, 0.112827, 0.096412
689, 0.113200, 0.105050
690, 0.113235, 0.103330
691, 0.113337, 0.104475
692, 0.113302, 0.099862
693, 0.113265, 0.103543
694, 0.113378, 0.103605
695, 0.113097, 0.104313
696, 0.113225, 0.190712
697, 0.174505, 0.105312
698, 0.113840, 0.102428
699, 0.113735, 0.103275
700, 0.113557, 0.096502
701, 0.113900, 0.106142
702, 0.113677, 0.104947
703, 0.113643, 0.105083
704, 0.104745, 0.096328
705, 0.112325, 0.111125
706, 0.112610, 0.107922
707, 0.112645, 0.108660
708, 0.112342, 0.100037
709, 0.112582, 0.113118
710, 0.112535, 0.107072
711, 0.112338, 0.211977
712, 0.112218, 0.099245
713, 0.113012, 0.105967
714, 0.113048, 0.106945
715, 0.112852, 0.107032
716, 0.113035, 0.100045
717, 0.113343, 0.108183
718, 0.113065, 0.110018
719, 0.113357, 0.110032
720, 0.112973, 0.101860
721, 0.113212, 0.111315
722, 0.113257, 0.112752
723, 0.113358, 0.112922
724, 0.113192, 0.106552
725, 0.113275, 0.111348
726, 0.113272, 0.111762
727, 0.113248, 0.112887
728, 0.113088, 0.105145
729, 0.114118, 0.109602
730, 0.113682, 0.110775
731, 0.113665, 0.110447
732, 0.113868, 0.230030
733, 0.120780, 0.115372
734, 0.117297, 0.116095
735, 0.117325, 0.116887
736, 0.107608, 0.104502
737, 0.116082, 0.110103
738, 0.112397, 0.110518
739, 0.112657, 0.110610
740, 0.112702, 0.099943
741, 0.112538, 0.110580
742, 0.112672, 0.109967
743, 0.112697, 0.110825
744, 0.112317, 0.098057
745, 0.113058, 0.108225
746, 0.113363, 0.109563
747, 0.112995, 0.110362
748, 0.113277, 0.098568
749, 0.113112, 0.112162
750, 0.112925, 0.112700
751, 0.113145, 0.114168
752, 0.112582, 0.099820
753, 0.112857, 0.115462
754, 0.112945, 0.117948
755, 0.113017, 0.116925
756, 0.112818, 0.104697
757, 0.112778, 0.114165
758, 0.112983, 0.114672
759, 0.112947, 0.115883
760, 0.112872, 0.099783
761, 0.113475, 0.112450
762, 0.120837, 0.112907
763, 0.238275, 0.116505
764, 0.213443, 0.105198
765, 0.117758, 0.117757
766, 0.117280, 0.118478
767, 0.114652, 0.114998
768, 0.105073, 0.195077
769, 0.131122, 0.122097
770, 0.130002, 0.121650
771, 0.142250, 0.195862
772, 0.137482, 0.119738
773, 0.137810, 0.131952
774, 0.137593, 0.119907
775, 0.129658, 0.120313
776, 0.129040, 0.109473
777, 0.130272, 0.119862
778, 0.132940, 0.121125
779, 0.130750, 0.120772
780, 0.130623, 0.111827
781, 0.130473, 0.124093
782, 0.130442, 0.124318
783, 0.130623, 0.122493
784, 0.130218, 0.112877
785, 0.130865, 0.127505
786, 0.130757, 0.127162
787, 0.130807, 0.126223
788, 0.130848, 0.117652
789, 0.130990, 0.126270
790, 0.131077, 0.127427
791, 0.131252, 0.124127
792, 0.230680, 0.112022
793, 0.131845, 0.123927
794, 0.163720, 0.124012
795, 0.131873, 0.124817
796, 0.131693, 0.112975
797, 0.131875, 0.127038
798, 0.131865, 0.127478
799, 0.131845, 0.128365
800, 0.122347, 0.111652
801, 0.130430, 0.129723
802, 0.130340, 0.129452
803, 0.130633, 0.176465
804, 0.130180, 0.114952
805, 0.130423, 0.129183
806, 0.130302, 0.128768
807, 0.130380, 0.129580
808, 0.130360, 0.210163
809, 0.131075, 0.178222
810, 0.131112, 0.129190
811, 0.130927, 0.131792
812, 0.130855, 0.117830
813, 0.130920, 0.131987
814, 0.130945, 0.139717
815, 0.131027, 0.132540
816, 0.130885, 0.118635
817, 0.131493, 0.135765
818, 0.132338, 0.134037
819, 0.131617, 0.135890
820, 0.131498, 0.120028
821, 0.131325, 0.134023
822, 0.131578, 0.131825
823, 0.131470, 0.132147
824, 0.131353, 0.116142
825, 0.132148, 0.132330
826, 0.131977, 0.131487
827, 0.231087, 0.133248
828, 0.131947, 0.117220
829, 0.132160, 0.136360
830, 0.132175, 0.133312
831, 0.132177, 0.134392
832, 0.121340, 0.114723
833, 0.130515, 0.137118
834, 0.130848, 0.136608
835, 0.130762, 0.137855
836, 0.147885, 0.120468
837, 0.130658, 0.136710
838, 0.130632, 0.137848
839, 0.130672, 0.137480
840, 0.130533, 0.121300
841, 0.131183, 0.137467
842, 0.131080, 0.138902
843, 0.131005, 0.139383
844, 0.131140, 0.123448
845, 0.131327, 0.139023
846, 0.131330, 0.139990
847, 0.131407, 0.141320
848, 0.130802, 0.123813
849, 0.231272, 0.143252
850, 0.211657, 0.144943
851, 0.173068, 0.145968
852, 0.131290, 0.129343
853, 0.131543, 0.140660
854, 0.131768, 0.141127
855, 0.131578, 0.142167
856, 0.131273, 0.122115
857, 0.131972, 0.140538
858, 0.131885, 0.141458
859, 0.132135, 0.141448
860, 0.132042, 0.122507
861, 0.131997, 0.142973
862, 0.131872, 0.143683
863, 0.131973, 0.144078
864, 0.121380, 0.119220
865, 0.130820, 0.143187
866, 0.130727, 0.143505
867, 0.136272, 0.144695
868, 0.130613, 0.121240
869, 0.130947, 0.141600
870, 0.130868, 0.141663
871, 0.130883, 0.141667
872, 0.130523, 0.121607
873, 0.131488, 0.145265
874, 0.132083, 0.145783
875, 0.131428, 0.144995
876, 0.131423, 0.119572
877, 0.131367, 0.146662
878, 0.131240, 0.147122
879, 0.134465, 0.150337
880, 0.135203, 0.126645
881, 0.135503, 0.153822
882, 0.136517, 0.156365
883, 0.131435, 0.153870
884, 0.131650, 0.122077
885, 0.131273, 0.146793
886, 0.131180, 0.147208
887, 0.131060, 0.148267
888, 0.131147, 0.131718
889, 0.131605, 0.148380
890, 0.131828, 0.148565
891, 0.131760, 0.149607
892, 0.131817, 0.202407
893, 0.131727, 0.150795
894, 0.131647, 0.150952
895, 0.131718, 0.151453
896, 0.121940, 0.119508
897, 0.148818, 0.161837
898, 0.148620, 0.160050
899, 0.148817, 0.160520
900, 0.148775, 0.140803
901, 0.148550, 0.160388
902, 0.148490, 0.160513
903, 0.148547, 0.159800
904, 0.148473, 0.142457
905, 0.149382, 0.162277
906, 0.149175, 0.161638
907, 0.149032, 0.161295
908, 0.149110, 0.142390
909, 0.149063, 0.163742
910, 0.149300, 0.162843
911, 0.149277, 0.162050
912, 0.148773, 0.234868
913, 0.149363, 0.169375
914, 0.149495, 0.170530
915, 0.188337, 0.168203
916, 0.149417, 0.143382
917, 0.149458, 0.184445
918, 0.149482, 0.165752
919, 0.149497, 0.175120
920, 0.149385, 0.142933
921, 0.150190, 0.168190
922, 0.150092, 0.168578
923, 0.150098, 0.167880
924, 0.150278, 0.142922
925, 0.150200, 0.168973
926, 0.150125, 0.169193
927, 0.150000, 0.169577
928, 0.138003, 0.138343
929, 0.148555, 0.173840
930, 0.148557, 0.173243
931, 0.148318, 0.174490
932, 0.148440, 0.148353
933, 0.148417, 0.170222
934, 0.148438, 0.169948
935, 0.148413, 0.171060
936, 0.148342, 0.149420
937, 0.149230, 0.171808
938, 0.149357, 0.171437
939, 0.149828, 0.172987
940, 0.149385, 0.148575
941, 0.149235, 0.173905
942, 0.149280, 0.173668
943, 0.149357, 0.173625
944, 0.149253, 0.148965
945, 0.149710, 0.179988
946, 0.149652, 0.178370
947, 0.149758, 0.179282
948, 0.149717, 0.151492
949, 0.149568, 0.176598
950, 0.149598, 0.177238
951, 0.149505, 0.178270
952, 0.177513, 0.149598
953, 0.150083, 0.178618
954, 0.150060, 0.177292
955, 0.150152, 0.178540
956, 0.150120, 0.193993
957, 0.149818, 0.181512
958, 0.150257, 0.178903
959, 0.150077, 0.179367
960, 0.137947, 0.145937
961, 0.148857, 0.182220
962, 0.148797, 0.182327
963, 0.148722, 0.182703
964, 0.148663, 0.156113
965, 0.148585, 0.179205
966, 0.148780, 0.205433
967, 0.149003, 0.179252
968, 0.148572, 0.155392
969, 0.149303, 0.179767
970, 0.149275, 0.182492
971, 0.149522, 0.211665
972, 0.156407, 0.157018
973, 0.149392, 0.182283
974, 0.149347, 0.182495
975, 0.149377, 0.181990
976, 0.149078, 0.174327
977, 0.149845, 0.186413
978, 0.149992, 0.187478
979, 0.149968, 0.188718
980, 0.150072, 0.191872
981, 0.150032, 0.189542
982, 0.153777, 0.191633
983, 0.153385, 0.194730
984, 0.154733, 0.161372
985, 0.149528, 0.188760
986, 0.149272, 0.191238
987, 0.149113, 0.190548
988, 0.149115, 0.155373
989, 0.149157, 0.189860
990, 0.149312, 0.189357
991, 0.148968, 0.190780
992, 0.136963, 0.151225
993, 0.147935, 0.185463
994, 0.147923, 0.184347
995, 0.148025, 0.184262
996, 0.147740, 0.152513
997, 0.148683, 0.179198
998, 0.147897, 0.180687
999, 0.149270, 0.178600
1000, 0.149565, 0.148098
1001, 0.149368, 0.185083
1002, 0.149233, 0.184158
1003, 0.149332, 0.184788
1004, 0.149118, 0.150353
1005, 0.149295, 0.185708
1006, 0.149255, 0.184040
1007, 0.149192, 0.183802
1008, 0.148178, 0.149100
1009, 0.148810, 0.190492
1010, 0.148957, 0.192722
1011, 0.148890, 0.192497
1012, 0.149028, 0.158297
1013, 0.149310, 0.189148
1014, 0.149277, 0.189768
1015, 0.180632, 0.188735
1016, 0.149010, 0.150928
1017, 0.150050, 0.190463
1018, 0.149755, 0.191980
1019, 0.175463, 0.191615
1020, 0.149777, 0.154930
1021, 0.149855, 0.194133
1022, 0.149762, 0.195310
1023, 0.149820, 0.195365
1024, 0.137807, 0.159858
1025, 0.166758, 0.199210
1026, 0.166772, 0.197970
1027, 0.166673, 0.199320
1028, 0.166750, 0.167403
1029, 0.166963, 0.256357
1030, 0.167488, 0.194008
1031, 0.166925, 0.195728
1032, 0.166513, 0.272005
1033, 0.167333, 0.199037
1034, 0.167548, 0.198985
1035, 0.167673, 0.261433
1036, 0.167552, 0.166523
1037, 0.167788, 0.198053
1038, 0.167057, 0.199185
1039, 0.167440, 0.200805
1040, 0.166668, 0.204223
1041, 0.167475, 0.207348
1042, 0.167647, 0.208032
1043, 0.167588, 0.207758
1044, 0.167493, 0.173258
1045, 0.167600, 0.203018
1046, 0.167560, 0.205032
1047, 0.167507, 0.202650
1048, 0.167248, 0.169357
1049, 0.168312, 0.206628
1050, 0.168320, 0.206605
1051, 0.168130, 0.208798
1052, 0.168362, 0.170733
1053, 0.183232, 0.208160
1054, 0.168445, 0.207988
1055, 0.213223, 0.213252
1056, 0.155035, 0.205578
1057, 0.166622, 0.206817
1058, 0.166605, 0.207788
1059, 0.166763, 0.206297
1060, 0.166880, 0.174923
1061, 0.166895, 0.200335
1062, 0.166885, 0.203602
1063, 0.166777, 0.203907
1064, 0.166565, 0.179613
1065, 0.172840, 0.209563
1066, 0.172958, 0.207927
1067, 0.173632, 0.204818
1068, 0.167753, 0.170967
1069, 0.168632, 0.212382
1070, 0.188920, 0.229615
1071, 0.189160, 0.230842
1072, 0.191783, 0.177365
1073, 0.213852, 0.216135
1074, 0.167275, 0.216055
1075, 0.168027, 0.213803
1076, 0.206352, 0.181783
1077, 0.177180, 0.210693
1078, 0.167643, 0.209170
1079, 0.167462, 0.212608
1080, 0.167318, 0.174807
1081, 0.168212, 0.214922
1082, 0.168860, 0.214745
1083, 0.168567, 0.213250
1084, 0.168643, 0.179187
1085, 0.168470, 0.217518
1086, 0.168638, 0.217322
1087, 0.168515, 0.219052
1088, 0.154935, 0.179755
1089, 0.167017, 0.221788
1090, 0.219990, 0.219453
1091, 0.166822, 0.221663
1092, 0.166715, 0.188032
1093, 0.166842, 0.216573
1094, 0.166645, 0.218972
1095, 0.167047, 0.218852
1096, 0.166623, 0.188500
1097, 0.167723, 0.217080
1098, 0.167742, 0.217638
1099, 0.167670, 0.214805
1100, 0.167605, 0.185663
1101, 0.167667, 0.219780
1102, 0.167615, 0.223405
1103, 0.167713, 0.221017
1104, 0.167337, 0.192580
1105, 0.167967, 0.231102
1106, 0.167778, 0.230215
1107, 0.167815, 0.229870
1108, 0.168648, 0.196557
1109, 0.167995, 0.226790
1110, 0.167985, 0.226138
1111, 0.167693, 0.228908
1112, 0.167622, 0.193072
1113, 0.168425, 0.232802
1114, 0.168562, 0.230322
1115, 0.168678, 0.232108
1116, 0.168472, 0.195085
1117, 0.168480, 0.234657
1118, 0.168588, 0.232707
1119, 0.168605, 0.234187
1120, 0.154862, 0.192568
1121, 0.167132, 0.224217
1122, 0.208775, 0.223695
1123, 0.166850, 0.223122
1124, 0.166678, 0.195752
1125, 0.166963, 0.220702
1126, 0.167055, 0.221853
1127, 0.167032, 0.220047
1128, 0.166480, 0.187978
1129, 0.167377, 0.228348
1130, 0.167597, 0.222352
1131, 0.167542, 0.218642
1132, 0.167593, 0.250142
1133, 0.167657, 0.227950
1134, 0.167658, 0.227583
1135, 0.167155, 0.229492
1136, 0.166673, 0.190562
1137, 0.167318, 0.231312
1138, 0.167463, 0.231373
1139, 0.167335, 0.230787
1140, 0.167320, 0.201193
1141, 0.167213, 0.228468
1142, 0.256978, 0.227790
1143, 0.167895, 0.228562
1144, 0.317262, 0.199767
1145, 0.173863, 0.236070
1146, 0.173778, 0.238488
1147, 0.168882, 0.233052
1148, 0.206307, 0.200237
1149, 0.168153, 0.241952
1150, 0.167967, 0.239795
1151, 0.167990, 0.240848
1152, 0.154778, 0.197453
1153, 0.184793, 0.239500
1154, 0.184800, 0.238333
1155, 0.184657, 0.245903
1156, 0.184755, 0.209977
1157, 0.184963, 0.239850
1158, 0.185777, 0.236205
1159, 0.184757, 0.235797
1160, 0.184642, 0.200298
1161, 0.185672, 0.235315
1162, 0.185482, 0.236373
1163, 0.185598, 0.237260
1164, 0.185768, 0.211253
1165, 0.185420, 0.238592
1166, 0.279123, 0.239740
1167, 0.185692, 0.240663
1168, 0.184660, 0.208233
1169, 0.185548, 0.245957
1170, 0.185597, 0.243702
1171, 0.185700, 0.249153
1172, 0.185713, 0.215530
1173, 0.185600, 0.242665
1174, 0.186367, 0.242372
1175, 0.185703, 0.243837
1176, 0.185382, 0.210175
1177, 0.186503, 0.247988
1178, 0.186645, 0.247947
1179, 0.186473, 0.251200
1180, 0.186453, 0.214120
1181, 0.186482, 0.253698
1182, 0.194268, 0.256350
1183, 0.186343, 0.255420
1184, 0.171287, 0.215203
1185, 0.184745, 0.242627
1186, 0.184838, 0.252910
1187, 0.184557, 0.252357
1188, 0.184523, 0.221387
1189, 0.214865, 0.244875
1190, 0.184652, 0.243558
1191, 0.184610, 0.243910
1192, 0.184665, 0.210527
1193, 0.185635, 0.239843
1194, 0.185467, 0.247873
1195, 0.185485, 0.246693
1196, 0.185530, 0.219373
1197, 0.289612, 0.246553
1198, 0.185507, 0.251345
1199, 0.185552, 0.246088
1200, 0.185053, 0.217917
1201, 0.186020, 0.254677
1202, 0.185945, 0.259558
1203, 0.185807, 0.257775
1204, 0.185897, 0.227537
1205, 0.186527, 0.250405
1206, 0.293643, 0.252907
1207, 0.186028, 0.253697
1208, 0.185790, 0.217240
1209, 0.186590, 0.258195
1210, 0.186848, 0.263105
1211, 0.186698, 0.262915
1212, 0.186610, 0.225192
1213, 0.198832, 0.265385
1214, 0.186833, 0.266990
1215, 0.186522, 0.264607
1216, 0.171815, 0.225382
1217, 0.185223, 0.264395
1218, 0.185242, 0.260630
1219, 0.185838, 0.264648
1220, 0.185625, 0.228878
1221, 0.186358, 0.263518
1222, 0.199242, 0.267358
1223, 0.183623, 0.258247
1224, 0.184665, 0.219900
1225, 0.185523, 0.259898
1226, 0.185905, 0.259120
1227, 0.185597, 0.260502
1228, 0.185212, 0.229510
1229, 0.185675, 0.255835
1230, 0.185750, 0.291880
1231, 0.185678, 0.260505
1232, 0.185235, 0.226867
1233, 0.185785, 0.268205
1234, 0.185750, 0.274900
1235, 0.186023, 0.266618
1236, 0.185838, 0.235892
1237, 0.186057, 0.262897
1238, 0.185927, 0.264922
1239, 0.185893, 0.264360
1240, 0.185685, 0.225848
1241, 0.186945, 0.270335
1242, 0.186678, 0.274670
1243, 0.186677, 0.275193
1244, 0.186900, 0.235653
1245, 0.186743, 0.276283
1246, 0.186815, 0.274845
1247, 0.186838, 0.279550
1248, 0.171445, 0.235028
1249, 0.185218, 0.266867
1250, 0.185457, 0.267398
1251, 0.184718, 0.264965
1252, 0.185050, 0.233805
1253, 0.185087, 0.258920
1254, 0.184938, 0.259028
1255, 0.185152, 0.258188
1256, 0.212917, 0.229493
1257, 0.185742, 0.262298
1258, 0.185803, 0.264645
1259, 0.185913, 0.262648
1260, 0.185730, 0.232253
1261, 0.185987, 0.264858
1262, 0.185988, 0.263017
1263, 0.185587, 0.263130
1264, 0.184923, 0.234265
1265, 0.185540, 0.274668
1266, 0.185387, 0.274712
1267, 0.185720, 0.272965
1268, 0.248953, 0.238497
1269, 0.296535, 0.269318
1270, 0.185362, 0.267902
1271, 0.185423, 0.270550
1272, 0.185237, 0.231693
1273, 0.186232, 0.279283
1274, 0.186228, 0.276252
1275, 0.186278, 0.277868
1276, 0.186192, 0.241072
1277, 0.186260, 0.279555
1278, 0.186168, 0.281927
1279, 0.186315, 0.276905
1280, 0.171443, 0.237693
1281, 0.202490, 0.286855
1282, 0.202663, 0.283532
1283, 0.202437, 0.285088
1284, 0.202745, 0.249187
1285, 0.203163, 0.285032
1286, 0.209233, 0.282327
1287, 0.218492, 0.281635
1288, 0.203345, 0.247238
1289, 0.206832, 0.377033
1290, 0.217067, 0.298395
1291, 0.215825, 0.283833
1292, 0.205117, 0.251510
1293, 0.206222, 0.278943
1294, 0.205140, 0.333372
1295, 0.205230, 0.283290
1296, 0.202738, 0.251050
1297, 0.204072, 0.290128
1298, 0.203485, 0.290937
1299, 0.203767, 0.290403
1300, 0.203415, 0.259252
1301, 0.203565, 0.286707
1302, 0.204020, 0.285550
1303, 0.203908, 0.292872
1304, 0.203753, 0.251770
1305, 0.204897, 0.299850
1306, 0.204703, 0.302432
1307, 0.204902, 0.294393
1308, 0.204932, 0.260538
1309, 0.204747, 0.301847
1310, 0.204863, 0.293815
1311, 0.204743, 0.302672
1312, 0.188435, 0.258313
1313, 0.202813, 0.295930
1314, 0.203050, 0.295710
1315, 0.202840, 0.294948
1316, 0.202927, 0.259465
1317, 0.202590, 0.283425
1318, 0.202763, 0.292882
1319, 0.202733, 0.292257
1320, 0.202570, 0.257493
1321, 0.203535, 0.292777
1322, 0.203735, 0.290778
1323, 0.203545, 0.289817
1324, 0.203572, 0.258267
1325, 0.203633, 0.287963
1326, 0.203593, 0.294100
1327, 0.203753, 0.294242
1328, 0.203275, 0.259592
1329, 0.204425, 0.299532
1330, 0.204300, 0.301683
1331, 0.204135, 0.304237
1332, 0.204085, 0.272610
1333, 0.204767, 0.297943
1334, 0.204525, 0.301782
1335, 0.204302, 0.302622
1336, 0.203945, 0.263198
1337, 0.205185, 0.313200
1338, 0.204910, 0.307565
1339, 0.205170, 0.319023
1340, 0.205163, 0.268202
1341, 0.205163, 0.309305
1342, 0.205050, 0.316330
1343, 0.204990, 0.317222
1344, 0.188392, 0.269557
1345, 0.203045, 0.312335
1346, 0.203188, 0.307782
1347, 0.203147, 0.307120
1348, 0.203737, 0.271783
1349, 0.203627, 0.311418
1350, 0.241708, 0.307287
1351, 0.234957, 0.308117
1352, 0.202600, 0.269752
1353, 0.204050, 0.307860
1354, 0.203815, 0.309905
1355, 0.204413, 0.306602
1356, 0.204103, 0.270180
1357, 0.203958, 0.309072
1358, 0.204103, 0.308910
1359, 0.203917, 0.307052
1360, 0.203707, 0.275950
1361, 0.204100, 0.319608
1362, 0.204218, 0.319327
1363, 0.204212, 0.319650
1364, 0.204403, 0.283838
1365, 0.204287, 0.317195
1366, 0.204308, 0.316720
1367, 0.204213, 0.320872
1368, 0.203973, 0.281557
1369, 0.205263, 0.321297
1370, 0.205092, 0.324335
1371, 0.205300, 0.322657
1372, 0.205550, 0.290585
1373, 0.205447, 0.325283
1374, 0.205252, 0.323882
1375, 0.205153, 0.325370
1376, 0.188342, 0.286378
1377, 0.203047, 0.303887
1378, 0.203257, 0.302310
1379, 0.203245, 0.299423
1380, 0.203435, 0.272362
1381, 0.203208, 0.296013
1382, 0.203193, 0.299903
1383, 0.203222, 0.299532
1384, 0.202873, 0.259385
1385, 0.204237, 0.299368
1386, 0.204125, 0.300160
1387, 0.204360, 0.297233
1388, 0.204092, 0.270428
1389, 0.204345, 0.301235
1390, 0.204177, 0.303722
1391, 0.204327, 0.302843
1392, 0.210653, 0.268713
1393, 0.203775, 0.313383
1394, 0.203658, 0.313053
1395, 0.203773, 0.313527
1396, 0.203845, 0.277433
1397, 0.203903, 0.310842
1398, 0.203822, 0.309978
1399, 0.203645, 0.310403
1400, 0.203658, 0.268248
1401, 0.204607, 0.322715
1402, 0.204610, 0.319360
1403, 0.204695, 0.318832
1404, 0.204670, 0.278298
1405, 0.204658, 0.327235
1406, 0.204860, 0.325932
1407, 0.204615, 0.327395
1408, 0.188325, 0.278205
1409, 0.220985, 0.327603
1410, 0.220935, 0.327067
1411, 0.220927, 0.344723
1412, 0.222243, 0.298598
1413, 0.223108, 0.325605
1414, 0.220668, 0.321292
1415, 0.221275, 0.324085
1416, 0.220300, 0.287615
1417, 0.222113, 0.322192
1418, 0.221878, 0.317248
1419, 0.221458, 0.324308
1420, 0.221857, 0.294025
1421, 0.227058, 0.377797
1422, 0.222405, 0.326703
1423, 0.221000, 0.326440
1424, 0.220445, 0.293572
1425, 0.221590, 0.337343
1426, 0.221662, 0.337500
1427, 0.221645, 0.338848
1428, 0.221703, 0.307032
1429, 0.222120, 0.334347
1430, 0.221782, 0.335987
1431, 0.221865, 0.337125
1432, 0.221625, 0.295298
1433, 0.222845, 0.342142
1434, 0.222978, 0.344220
1435, 0.222893, 0.345783
1436, 0.222765, 0.307598
1437, 0.222912, 0.344220
1438, 0.222960, 0.340235
1439, 0.223052, 0.347473
1440, 0.204670, 0.301308
1441, 0.220473, 0.332327
1442, 0.220167, 0.347885
1443, 0.220175, 0.341280
1444, 0.220430, 0.311822
1445, 0.220258, 0.327980
1446, 0.220190, 0.335177
1447, 0.220473, 0.328440
1448, 0.219840, 0.287282
1449, 0.221790, 0.329055
1450, 0.221387, 0.335553
1451, 0.221025, 0.328320
1452, 0.221162, 0.303933
1453, 0.221073, 0.331370
1454, 0.221098, 0.333698
1455, 0.221232, 0.338052
1456, 0.221232, 0.297388
1457, 0.222080, 0.346787
1458, 0.222312, 0.349665
1459, 0.222268, 0.350880
1460, 0.222230, 0.316923
1461, 0.222470, 0.343452
1462, 0.222337, 0.345980
1463, 0.222157, 0.345900
1464, 0.222007, 0.302393
1465, 0.223537, 0.359210
1466, 0.230607, 0.364860
1467, 0.231242, 0.391025
1468, 0.225392, 0.309530
1469, 0.224042, 0.359975
1470, 0.225378, 0.361338
1471, 0.224925, 0.369177
1472, 0.219173, 0.320308
1473, 0.234417, 0.384477
1474, 0.235193, 0.486132
1475, 0.222542, 0.359008
1476, 0.220568, 0.317078
1477, 0.220867, 0.343787
1478, 0.220613, 0.339353
1479, 0.220685, 0.340627
1480, 0.220388, 0.298573
1481, 0.221693, 0.345125
1482, 0.221625, 0.345913
1483, 0.221693, 0.349530
1484, 0.222662, 0.307803
1485, 0.221578, 0.347108
1486, 0.221750, 0.346370
1487, 0.221545, 0.349397
1488, 0.221335, 0.311087
1489, 0.222200, 0.363225
1490, 0.222285, 0.363917
1491, 0.222268, 0.364013
1492, 0.222277, 0.327342
1493, 0.222175, 0.355938
1494, 0.222240, 0.357185
1495, 0.222047, 0.358013
1496, 0.222040, 0.313492
1497, 0.231158, 0.365577
1498, 0.222962, 0.365940
1499, 0.223002, 0.366885
1500, 0.223033, 0.314003
1501, 0.223180, 0.366885
1502, 0.223063, 0.367473
1503, 0.222968, 0.366948
1504, 0.204905, 0.318753
1505, 0.221170, 0.353702
1506, 0.220925, 0.357015
1507, 0.220967, 0.355802
1508, 0.221437, 0.315037
1509, 0.221262, 0.339340
1510, 0.221168, 0.343145
1511, 0.221400, 0.341985
1512, 0.220833, 0.307108
1513, 0.222140, 0.343912
1514, 0.222353, 0.348125
1515, 0.221998, 0.348150
1516, 0.222012, 0.309622
1517, 0.222177, 0.345378
1518, 0.222233, 0.350810
1519, 0.223278, 0.352668
1520, 0.228320, 0.326452
1521, 0.229640, 0.368370
1522, 0.222488, 0.367777
1523, 0.247305, 0.400468
1524, 0.249897, 0.389855
1525, 0.222752, 0.355902
1526, 0.221478, 0.354597
1527, 0.221728, 0.353338
1528, 0.221243, 0.310730
1529, 0.222428, 0.370700
1530, 0.222882, 0.366525
1531, 0.222495, 0.369708
1532, 0.222265, 0.319062
1533, 0.222523, 0.371680
1534, 0.222542, 0.369000
1535, 0.222197, 0.369095
1536, 0.204635, 0.321668
1537, 0.238935, 0.367238
1538, 0.239233, 0.366325
1539, 0.239018, 0.366830
1540, 0.238970, 0.321898
1541, 0.239002, 0.350773
1542, 0.239060, 0.352980
1543, 0.239173, 0.360923
1544, 0.238905, 0.314705
1545, 0.240095, 0.356312
1546, 0.240210, 0.354075
1547, 0.240193, 0.355073
1548, 0.240353, 0.320033
1549, 0.239995, 0.365517
1550, 0.240443, 0.354947
1551, 0.240358, 0.363790
1552, 0.238683, 0.323837
1553, 0.240393, 0.380485
1554, 0.240303, 0.377877
1555, 0.239877, 0.375650
1556, 0.239963, 0.337220
1557, 0.239983, 0.368367
1558, 0.239903, 0.365192
1559, 0.240142, 0.368125
1560, 0.239448, 0.324772
1561, 0.241110, 0.380883
1562, 0.241088, 0.372983
1563, 0.241190, 0.375060
1564, 0.241038, 0.332522
1565, 0.241080, 0.383957
1566, 0.240832, 0.376623
1567, 0.240943, 0.386183
1568, 0.221663, 0.333027
1569, 0.239068, 0.370733
1570, 0.239037, 0.372293
1571, 0.257800, 0.367335
1572, 0.239677, 0.326680
1573, 0.240042, 0.361587
1574, 0.257122, 0.406322
1575, 0.246683, 0.359593
1576, 0.238840, 0.320258
1577, 0.240055, 0.364895
1578, 0.240983, 0.368197
1579, 0.238897, 0.362642
1580, 0.240270, 0.331305
1581, 0.240188, 0.362258
1582, 0.240028, 0.376507
1583, 0.240087, 0.376933
1584, 0.239410, 0.330950
1585, 0.240652, 0.388175
1586, 0.241773, 0.386192
1587, 0.240423, 0.382672
1588, 0.240327, 0.341080
1589, 0.240427, 0.375203
1590, 0.240550, 0.381318
1591, 0.240377, 0.376492
1592, 0.240140, 0.329797
1593, 0.241495, 0.384652
1594, 0.241242, 0.387918
1595, 0.241422, 0.386197
1596, 0.241443, 0.340285
1597, 0.241448, 0.390503
1598, 0.241465, 0.392678
1599, 0.241468, 0.393165
1600, 0.221662, 0.339735
1601, 0.239217, 0.386607
1602, 0.317017, 0.381673
1603, 0.239373, 0.381860
1604, 0.239275, 0.338913
1605, 0.239447, 0.374225
1606, 0.239547, 0.374438
1607, 0.271385, 0.374630
1608, 0.238927, 0.330808
1609, 0.240287, 0.374098
1610, 0.240268, 0.376568
1611, 0.240442, 0.376377
1612, 0.240428, 0.335745
1613, 0.240655, 0.389402
1614, 0.240430, 0.394018
1615, 0.240170, 0.389505
1616, 0.239418, 0.344537
1617, 0.240350, 0.398920
1618, 0.240355, 0.397745
1619, 0.240925, 0.395827
1620, 0.240432, 0.352318
1621, 0.240483, 0.390310
1622, 0.240685, 0.389048
1623, 0.240848, 0.389535
1624, 0.280868, 0.338613
1625, 0.242387, 0.401053
1626, 0.243013, 0.408657
1627, 0.243618, 0.416650
1628, 0.297508, 0.349875
1629, 0.241492, 0.409153
1630, 0.241647, 0.409382
1631, 0.241330, 0.407095
1632, 0.221992, 0.344425
1633, 0.239168, 0.388767
1634, 0.239018, 0.390227
1635, 0.239047, 0.388857
1636, 0.239018, 0.348907
1637, 0.239227, 0.383000
1638, 0.239225, 0.383312
1639, 0.238777, 0.384542
1640, 0.238532, 0.336383
1641, 0.240063, 0.380148
1642, 0.240013, 0.384130
1643, 0.240270, 0.383717
1644, 0.240132, 0.358705
1645, 0.239958, 0.396345
1646, 0.240005, 0.395185
1647, 0.240152, 0.395355
1648, 0.238673, 0.350235
1649, 0.239705, 0.401682
1650, 0.239873, 0.405362
1651, 0.240162, 0.405905
1652, 0.239880, 0.359047
1653, 0.239770, 0.397387
1654, 0.239842, 0.407022
1655, 0.239738, 0.397875
1656, 0.239475, 0.346020
1657, 0.240738, 0.401868
1658, 0.240652, 0.411195
1659, 0.240937, 0.397353
1660, 0.240873, 0.363437
1661, 0.240788, 0.411710
1662, 0.240930, 0.411197
1663, 0.240927, 0.411013
1664, 0.221755, 0.353088
1665, 0.256682, 0.402332
1666, 0.256827, 0.399010
1667, 0.311092, 0.408217
1668, 0.256863, 0.363997
1669, 0.256755, 0.392520
1670, 0.257408, 0.394833
1671, 0.257265, 0.399028
1672, 0.257228, 0.352452
1673, 0.260348, 0.394298
1674, 0.258895, 0.390078
1675, 0.259908, 0.409485
1676, 0.261145, 0.374347
1677, 0.263542, 0.414952
1678, 0.261212, 0.408630
1679, 0.262207, 0.465513
1680, 0.260183, 0.358710
1681, 0.258148, 0.414967
1682, 0.258630, 0.410168
1683, 0.258450, 0.416203
1684, 0.258083, 0.377442
1685, 0.258397, 0.410687
1686, 0.258327, 0.414055
1687, 0.258223, 0.413125
1688, 0.258097, 0.363073
1689, 0.259462, 0.419615
1690, 0.259487, 0.418213
1691, 0.259332, 0.428125
1692, 0.259413, 0.373233
1693, 0.259480, 0.426172
1694, 0.259325, 0.423743
1695, 0.259493, 0.427033
1696, 0.238330, 0.368463
1697, 0.256660, 0.409977
1698, 0.256833, 0.412140
1699, 0.256778, 0.411873
1700, 0.256587, 0.371752
1701, 0.256557, 0.398283
1702, 0.256573, 0.402455
1703, 0.256652, 0.403493
1704, 0.256225, 0.354122
1705, 0.257693, 0.398883
1706, 0.257878, 0.416197
1707, 0.263672, 0.417857
1708, 0.257640, 0.378097
1709, 0.257758, 0.411325
1710, 0.257862, 0.416352
1711, 0.257853, 0.411145
1712, 0.257735, 0.364415
1713, 0.258637, 0.418417
1714, 0.258595, 0.427455
1715, 0.258630, 0.423410
1716, 0.258577, 0.385302
1717, 0.258942, 0.421813
1718, 0.258818, 0.421042
1719, 0.259982, 0.427525
1720, 0.259380, 0.367935
1721, 0.260623, 0.426505
1722, 0.260010, 0.448058
1723, 0.260130, 0.431872
1724, 0.259438, 0.385985
1725, 0.259625, 0.432322
1726, 0.259530, 0.434733
1727, 0.260087, 0.433478
1728, 0.238618, 0.375475
1729, 0.257093, 0.428822
1730, 0.257328, 0.429985
1731, 0.257038, 0.430818
1732, 0.257105, 0.384245
1733, 0.257178, 0.420022
1734, 0.256973, 0.420038
1735, 0.257045, 0.418105
1736, 0.256675, 0.373885
1737, 0.258048, 0.432265
1738, 0.258420, 0.433672
1739, 0.258180, 0.435148
1740, 0.258265, 0.397137
1741, 0.258053, 0.434942
1742, 0.258508, 0.421360
1743, 0.258085, 0.426843
1744, 0.257502, 0.385970
1745, 0.258515, 0.441077
1746, 0.258495, 0.438678
1747, 0.258605, 0.439967
1748, 0.258565, 0.398343
1749, 0.258900, 0.460875
1750, 0.258843, 0.436158
1751, 0.258647, 0.440398
1752, 0.258305, 0.385065
1753, 0.259820, 0.445960
1754, 0.259618, 0.442982
1755, 0.259743, 0.443640
1756, 0.259665, 0.403598
1757, 0.259893, 0.446658
1758, 0.259705, 0.452252
1759, 0.278630, 0.461993
1760, 0.238520, 0.392848
1761, 0.257518, 0.430147
1762, 0.257322, 0.434020
1763, 0.258005, 0.426318
1764, 0.258242, 0.383815
1765, 0.258477, 0.455620
1766, 0.257583, 0.423098
1767, 0.257352, 0.420905
1768, 0.257110, 0.385392
1769, 0.258650, 0.431932
1770, 0.258493, 0.429487
1771, 0.258792, 0.433517
1772, 0.258603, 0.400015
1773, 0.258622, 0.425078
1774, 0.258428, 0.432268
1775, 0.258642, 0.427770
1776, 0.256890, 0.391668
1777, 0.257973, 0.437848
1778, 0.258040, 0.436143
1779, 0.257963, 0.436875
1780, 0.258070, 0.401925
1781, 0.257840, 0.440012
1782, 0.257923, 0.436588
1783, 0.257730, 0.441500
1784, 0.257668, 0.388208
1785, 0.259035, 0.449672
1786, 0.259118, 0.448033
1787, 0.259073, 0.445910
1788, 0.259003, 0.405040
1789, 0.258962, 0.455192
1790, 0.259128, 0.457432
1791, 0.259472, 0.448910
1792, 0.238290, 0.389165
1793, 0.274737, 0.445258
1794, 0.274713, 0.444490
1795, 0.274648, 0.452287
1796, 0.274477, 0.403310
1797, 0.274387, 0.434282
1798, 0.274535, 0.433178
1799, 0.274518, 0.443207
1800, 0.274893, 0.409895
1801, 0.275948, 0.452445
1802, 0.275768, 0.455767
1803, 0.275892, 0.449820
1804, 0.275942, 0.413187
1805, 0.275605, 0.440653
1806, 0.275800, 0.441907
1807, 0.275810, 0.450117
1808, 0.275128, 0.406053
1809, 0.277225, 0.459677
1810, 0.369858, 0.450998
1811, 0.281500, 0.454510
1812, 0.285443, 0.416078
1813, 0.278610, 0.453788
1814, 0.277950, 0.507503
1815, 0.276817, 0.454967
1816, 0.276078, 0.408765
1817, 0.277595, 0.465208
1818, 0.277455, 0.463227
1819, 0.277945, 0.461062
1820, 0.319823, 0.420680
1821, 0.277525, 0.466088
1822, 0.277717, 0.467292
1823, 0.277538, 0.473405
1824, 0.255178, 0.412718
1825, 0.274707, 0.457537
1826, 0.274490, 0.465815
1827, 0.274973, 0.462478
1828, 0.274927, 0.412713
1829, 0.274828, 0.441018
1830, 0.274770, 0.449220
1831, 0.274767, 0.450747
1832, 0.274132, 0.414895
1833, 0.275747, 0.467590
1834, 0.275925, 0.465728
1835, 0.276000, 0.456063
1836, 0.275682, 0.417622
1837, 0.275715, 0.449678
1838, 0.275815, 0.462708
1839, 0.275990, 0.459698
1840, 0.276040, 0.414715
1841, 0.276867, 0.460773
1842, 0.276982, 0.464652
1843, 0.276942, 0.470142
1844, 0.359703, 0.424733
1845, 0.277100, 0.464588
1846, 0.276980, 0.470730
1847, 0.276958, 0.469493
1848, 0.276685, 0.417350
1849, 0.278123, 0.478167
1850, 0.278465, 0.471257
1851, 0.278843, 0.477927
1852, 0.390575, 0.491693
1853, 0.281480, 0.480843
1854, 0.278613, 0.480395
1855, 0.278292, 0.484202
1856, 0.255373, 0.421875
1857, 0.275188, 0.475773
1858, 0.275260, 0.476200
1859, 0.275268, 0.475553
1860, 0.275258, 0.421837
1861, 0.275073, 0.465917
1862, 0.275100, 0.470480
1863, 0.275343, 0.464113
1864, 0.274703, 0.440657
1865, 0.277002, 0.473825
1866, 0.276173, 0.470120
1867, 0.276290, 0.474257
1868, 0.276130, 0.433262
1869, 0.276367, 0.474287
1870, 0.276270, 0.476077
1871, 0.276353, 0.475295
1872, 0.285972, 0.428360
1873, 0.276855, 0.479313
1874, 0.276805, 0.479702
1875, 0.276743, 0.474760
1876, 0.276980, 0.438960
1877, 0.276963, 0.484797
1878, 0.276993, 0.485913
1879, 0.276818, 0.488005
1880, 0.276478, 0.432398
1881, 0.277900, 0.499493
1882, 0.278435, 0.491855
1883, 0.278012, 0.492405
1884, 0.278092, 0.440628
1885, 0.278145, 0.493452
1886, 0.278010, 0.491555
1887, 0.278353, 0.493138
1888, 0.255105, 0.442017
1889, 0.288122, 0.474507
1890, 0.275307, 0.471370
1891, 0.275702, 0.473568
1892, 0.275792, 0.430105
1893, 0.276048, 0.477365
1894, 0.276515, 0.460403
1895, 0.276447, 0.462788
1896, 0.275663, 0.417977
1897, 0.276597, 0.477183
1898, 0.276663, 0.472415
1899, 0.276593, 0.469307
1900, 0.277090, 0.439385
1901, 0.276655, 0.477652
1902, 0.276738, 0.473753
1903, 0.276670, 0.466902
1904, 0.281677, 0.425238
1905, 0.275772, 0.482125
1906, 0.275510, 0.479138
1907, 0.275442, 0.474942
1908, 0.275860, 0.442710
1909, 0.276040, 0.482302
1910, 0.275655, 0.485522
1911, 0.276182, 0.481777
1912, 0.275577, 0.430520
1913, 0.277362, 0.488417
1914, 0.276978, 0.484030
1915, 0.277073, 0.490327
1916, 0.277152, 0.444782
1917, 0.301492, 0.497705
1918, 0.276933, 0.497502
1919, 0.276983, 0.498303
1920, 0.254882, 0.434503
1921, 0.292867, 0.493430
1922, 0.292592, 0.492820
1923, 0.292617, 0.501660
1924, 0.292557, 0.452097
1925, 0.292640, 0.485572
1926, 0.292660, 0.483062
1927, 0.292650, 0.485795
1928, 0.292008, 0.444588
1929, 0.293893, 0.490945
1930, 0.293992, 0.490195
1931, 0.293950, 0.492835
1932, 0.293918, 0.457898
1933, 0.294522, 0.489053
1934, 0.295032, 0.495873
1935, 0.295847, 0.497512
1936, 0.296782, 0.453777
1937, 0.297485, 0.499772
1938, 0.295462, 0.505578
1939, 0.301360, 0.506778
1940, 0.295403, 0.472925
1941, 0.296232, 0.558015
1942, 0.294548, 0.507490
1943, 0.294467, 0.503898
1944, 0.294208, 0.450238
1945, 0.295770, 0.517925
1946, 0.295957, 0.515152
1947, 0.295788, 0.513155
1948, 0.295813, 0.465142
1949, 0.295853, 0.521160
1950, 0.295772, 0.517343
1951, 0.295862, 0.524078
1952, 0.271743, 0.458450
1953, 0.292863, 0.500048
1954, 0.292567, 0.510358
1955, 0.292573, 0.509672
1956, 0.292527, 0.464980
1957, 0.292413, 0.494863
1958, 0.292660, 0.498253
1959, 0.292580, 0.494317
1960, 0.292308, 0.456528
1961, 0.294285, 0.496953
1962, 0.293822, 0.505192
1963, 0.293772, 0.505747
1964, 0.293967, 0.468450
1965, 0.293752, 0.488308
1966, 0.293815, 0.499955
1967, 0.293647, 0.496735
1968, 0.293488, 0.459437
1969, 0.294975, 0.513927
1970, 0.294720, 0.518647
1971, 0.295090, 0.514563
1972, 0.295300, 0.475132
1973, 0.295562, 0.511897
1974, 0.334407, 0.504432
1975, 0.294833, 0.513315
1976, 0.294415, 0.456953
1977, 0.295872, 0.521247
1978, 0.295930, 0.523662
1979, 0.296047, 0.521530
1980, 0.295805, 0.477038
1981, 0.296050, 0.524922
1982, 0.295970, 0.527918
1983, 0.295912, 0.520925
1984, 0.271843, 0.465133
1985, 0.293060, 0.528590
1986, 0.293387, 0.527217
1987, 0.293105, 0.523558
1988, 0.292903, 0.481225
1989, 0.293163, 0.508935
1990, 0.293358, 0.517543
1991, 0.292920, 0.511067
1992, 0.292442, 0.461055
1993, 0.294485, 0.522893
1994, 0.294202, 0.515573
1995, 0.294427, 0.521552
1996, 0.294345, 0.482402
1997, 0.294192, 0.512550
1998, 0.294367, 0.515233
1999, 0.294385, 0.513632
