1, 64, 0, 0
32, 0.042003, 0.042812
33, 0.039013, 0.044698
34, 0.038528, 0.040168
35, 0.038488, 0.040598
36, 0.038205, 0.040063
37, 0.038465, 0.039290
38, 0.038368, 0.041060
39, 0.038925, 0.039715
40, 0.039693, 0.040165
41, 0.038462, 0.038607
42, 0.047835, 0.038527
43, 0.048028, 0.038637
44, 0.036832, 0.038305
45, 0.037532, 0.039347
46, 0.037092, 0.040040
47, 0.037220, 0.041075
48, 0.036755, 0.038932
49, 0.037700, 0.040513
50, 0.037248, 0.040000
51, 0.037097, 0.040437
52, 0.046180, 0.039648
53, 0.039922, 0.041552
54, 0.036905, 0.040960
55, 0.036897, 0.043163
56, 0.039625, 0.044070
57, 0.040953, 0.038797
58, 0.041265, 0.038407
59, 0.040412, 0.038410
60, 0.041393, 0.038822
61, 0.041012, 0.038275
62, 0.041248, 0.048172
63, 0.044815, 0.038012
64, 0.041193, 0.038392
65, 0.040933, 0.037447
66, 0.040055, 0.037642
67, 0.040663, 0.040480
68, 0.032065, 0.038105
69, 0.037425, 0.036550
70, 0.037472, 0.036590
71, 0.037397, 0.036368
72, 0.037418, 0.048273
73, 0.037338, 0.037147
74, 0.037423, 0.036543
75, 0.037333, 0.036670
76, 0.037702, 0.036588
77, 0.037718, 0.038017
78, 0.037247, 0.037432
79, 0.037595, 0.045608
80, 0.037552, 0.037060
81, 0.037975, 0.038323
82, 0.036858, 0.040102
83, 0.046315, 0.036872
84, 0.037077, 0.037002
85, 0.036608, 0.036710
86, 0.036845, 0.036732
87, 0.036827, 0.036725
88, 0.037855, 0.036780
89, 0.036822, 0.036418
90, 0.036675, 0.036635
91, 0.036997, 0.036903
92, 0.039790, 0.036882
93, 0.045813, 0.036277
94, 0.038197, 0.040330
95, 0.037478, 0.041073
96, 0.037493, 0.039787
97, 0.037530, 0.042462
98, 0.037395, 0.042058
99, 0.037523, 0.042690
100, 0.037488, 0.041195
101, 0.037592, 0.043540
102, 0.040425, 0.043275
103, 0.046777, 0.043638
104, 0.037367, 0.042623
105, 0.037420, 0.044670
106, 0.037807, 0.038850
107, 0.036777, 0.037983
108, 0.036973, 0.036038
109, 0.037057, 0.036647
110, 0.036933, 0.036458
111, 0.037002, 0.036672
112, 0.039883, 0.036267
113, 0.036875, 0.045985
114, 0.037287, 0.036727
115, 0.036692, 0.036933
116, 0.036988, 0.036535
117, 0.036885, 0.038052
118, 0.037142, 0.037557
119, 0.036807, 0.037827
120, 0.037770, 0.036995
121, 0.037287, 0.041142
122, 0.037148, 0.038305
123, 0.037225, 0.047468
124, 0.037497, 0.037703
125, 0.037122, 0.039275
126, 0.037295, 0.038707
127, 0.037835, 0.039148
128, 0.037743, 0.038018
129, 0.037320, 0.039915
130, 0.037305, 0.039612
131, 0.038913, 0.036358
132, 0.042037, 0.040957
133, 0.034207, 0.038128
134, 0.052202, 0.037527
135, 0.040292, 0.037448
136, 0.042353, 0.038415
137, 0.040823, 0.037067
138, 0.040532, 0.037882
139, 0.040907, 0.037640
140, 0.042265, 0.037385
141, 0.041147, 0.040687
142, 0.040932, 0.037678
143, 0.041255, 0.042725
144, 0.051208, 0.041558
145, 0.037960, 0.043332
146, 0.037833, 0.043145
147, 0.037660, 0.043563
148, 0.037677, 0.042143
149, 0.040930, 0.044250
150, 0.037955, 0.043665
151, 0.041250, 0.044215
152, 0.039038, 0.042923
153, 0.037882, 0.045222
154, 0.042543, 0.062073
155, 0.038833, 0.045595
156, 0.037405, 0.044042
157, 0.104395, 0.049023
158, 0.037580, 0.058318
159, 0.037875, 0.065183
160, 0.032568, 0.057620
161, 0.026518, 0.063855
162, 0.181308, 0.059278
163, 0.028163, 0.060062
164, 0.042647, 0.057507
165, 0.046950, 0.046803
166, 0.067695, 0.056155
167, 0.051530, 0.047962
168, 0.046850, 0.050208
169, 0.045897, 0.047620
170, 0.037942, 0.047155
171, 0.048175, 0.047867
172, 0.043632, 0.046188
173, 0.051033, 0.048848
174, 0.047972, 0.131853
175, 0.088325, 0.111190
176, 0.095278, 0.095330
177, 0.098652, 0.041527
178, 0.044827, 0.040735
179, 0.098540, 0.032135
180, 0.032040, 0.044872
181, 0.043408, 0.045263
182, 0.056930, 0.055767
183, 0.056292, 0.055717
184, 0.057052, 0.066163
185, 0.051723, 0.036267
186, 0.041557, 0.036340
187, 0.040997, 0.036200
188, 0.042093, 0.036372
189, 0.041440, 0.036003
190, 0.044252, 0.036418
191, 0.041498, 0.036112
192, 0.043758, 0.041970
193, 0.038622, 0.044332
194, 0.037817, 0.043760
195, 0.046937, 0.044048
196, 0.037158, 0.043050
197, 0.037225, 0.044958
198, 0.037337, 0.044312
199, 0.037757, 0.044952
200, 0.042278, 0.043477
201, 0.037343, 0.045487
202, 0.037357, 0.044913
203, 0.037440, 0.045655
204, 0.038472, 0.044013
205, 0.039237, 0.052880
206, 0.038540, 0.045572
207, 0.038122, 0.046303
208, 0.038525, 0.044620
209, 0.038220, 0.046835
210, 0.040500, 0.046410
211, 0.038168, 0.047070
212, 0.037980, 0.045203
213, 0.038703, 0.047805
214, 0.039727, 0.047278
215, 0.037522, 0.050328
216, 0.038470, 0.046142
217, 0.038007, 0.048208
218, 0.038382, 0.047662
219, 0.037698, 0.048312
220, 0.039297, 0.046853
221, 0.038238, 0.048812
222, 0.037892, 0.048422
223, 0.042670, 0.048863
224, 0.040648, 0.047323
225, 0.039835, 0.049567
226, 0.039110, 0.048958
227, 0.037648, 0.049790
228, 0.037958, 0.048105
229, 0.039738, 0.050847
230, 0.037878, 0.049850
231, 0.037847, 0.050318
232, 0.036027, 0.064987
233, 0.039818, 0.043388
234, 0.039347, 0.042955
235, 0.040257, 0.043582
236, 0.048707, 0.042050
237, 0.046617, 0.044092
238, 0.038635, 0.043342
239, 0.041247, 0.043857
240, 0.041177, 0.042548
241, 0.040107, 0.044430
242, 0.038720, 0.044007
243, 0.039307, 0.044462
244, 0.039673, 0.043138
245, 0.040273, 0.045190
246, 0.049620, 0.044622
247, 0.040682, 0.045068
248, 0.041165, 0.043667
249, 0.042743, 0.045800
250, 0.040865, 0.045198
251, 0.040008, 0.045662
252, 0.040147, 0.046405
253, 0.031543, 0.054660
254, 0.053710, 0.054260
255, 0.052518, 0.055038
256, 0.054753, 0.113115
257, 0.036785, 0.055375
258, 0.037112, 0.054668
259, 0.040230, 0.055305
260, 0.037155, 0.053520
261, 0.036817, 0.055852
262, 0.037205, 0.055240
263, 0.037372, 0.055863
264, 0.037160, 0.054408
265, 0.037517, 0.056720
266, 0.037017, 0.047890
267, 0.053812, 0.052682
268, 0.052203, 0.056410
269, 0.052922, 0.051305
270, 0.053383, 0.051338
271, 0.052757, 0.051138
272, 0.053727, 0.052040
273, 0.052962, 0.051410
274, 0.052417, 0.051390
275, 0.052212, 0.071458
276, 0.037342, 0.056293
277, 0.037385, 0.058725
278, 0.036793, 0.058125
279, 0.037393, 0.058633
280, 0.037152, 0.056758
281, 0.037185, 0.059507
282, 0.037117, 0.058442
283, 0.037760, 0.059263
284, 0.037220, 0.057518
285, 0.037275, 0.053695
286, 0.031685, 0.050235
287, 0.038637, 0.051193
288, 0.044353, 0.049283
289, 0.038240, 0.051702
290, 0.039825, 0.051125
291, 0.037915, 0.051557
292, 0.037875, 0.049910
293, 0.037815, 0.052305
294, 0.039868, 0.051182
295, 0.038043, 0.052348
296, 0.038790, 0.050393
297, 0.047687, 0.052690
298, 0.041990, 0.051867
299, 0.038785, 0.053065
300, 0.039183, 0.051053
301, 0.039200, 0.053452
302, 0.039983, 0.052655
303, 0.039515, 0.053543
304, 0.040033, 0.051507
305, 0.040208, 0.053915
306, 0.039208, 0.053370
307, 0.049813, 0.054060
308, 0.044835, 0.052323
309, 0.046872, 0.054860
310, 0.046422, 0.063632
311, 0.059032, 0.064857
312, 0.060548, 0.062668
313, 0.059073, 0.065472
314, 0.059067, 0.064518
315, 0.059673, 0.137000
316, 0.042288, 0.062823
317, 0.042263, 0.072927
318, 0.042158, 0.078683
319, 0.041078, 0.079933
320, 0.044562, 0.077368
321, 0.041070, 0.080917
322, 0.041263, 0.079543
323, 0.041233, 0.081202
324, 0.041050, 0.077970
325, 0.040933, 0.081857
326, 0.043720, 0.066255
327, 0.041730, 0.067092
328, 0.042317, 0.065045
329, 0.042147, 0.067703
330, 0.044622, 0.067065
331, 0.042080, 0.068278
332, 0.042027, 0.065583
333, 0.041937, 0.068622
334, 0.045102, 0.067668
335, 0.044590, 0.061767
336, 0.064698, 0.058043
337, 0.066668, 0.100697
338, 0.046300, 0.057917
339, 0.045917, 0.059228
340, 0.046313, 0.056885
341, 0.045008, 0.059520
342, 0.049673, 0.058487
343, 0.045202, 0.059312
344, 0.046288, 0.057257
345, 0.046680, 0.059912
346, 0.046355, 0.059023
347, 0.049383, 0.060073
348, 0.056372, 0.057770
349, 0.046633, 0.073697
350, 0.060348, 0.070645
351, 0.059155, 0.154568
352, 0.045587, 0.069093
353, 0.042130, 0.072248
354, 0.041738, 0.071075
355, 0.042573, 0.071935
356, 0.044218, 0.069653
357, 0.049430, 0.061748
358, 0.062165, 0.060925
359, 0.051288, 0.061752
360, 0.052988, 0.059675
361, 0.050617, 0.062502
362, 0.053188, 0.061483
363, 0.050835, 0.062585
364, 0.050905, 0.060257
365, 0.052873, 0.074383
366, 0.072470, 0.073807
367, 0.071828, 0.074982
368, 0.074235, 0.084398
369, 0.071935, 0.075422
370, 0.071913, 0.074433
371, 0.071692, 0.075627
372, 0.072548, 0.088658
373, 0.067862, 0.093365
374, 0.046352, 0.090587
375, 0.046145, 0.092242
376, 0.047967, 0.089032
377, 0.046448, 0.092667
378, 0.045978, 0.091745
379, 0.050783, 0.076257
380, 0.051058, 0.073703
381, 0.051882, 0.077022
382, 0.050982, 0.075953
383, 0.049632, 0.077320
384, 0.050923, 0.074272
385, 0.046308, 0.077878
386, 0.050210, 0.076588
387, 0.047507, 0.077657
388, 0.047383, 0.075100
389, 0.047277, 0.066653
390, 0.050435, 0.065750
391, 0.049960, 0.066350
392, 0.051497, 0.064395
393, 0.052555, 0.066928
394, 0.050218, 0.070342
395, 0.050278, 0.067343
396, 0.054380, 0.064880
397, 0.050053, 0.067778
398, 0.050788, 0.066892
399, 0.054492, 0.067602
400, 0.051582, 0.065320
401, 0.050700, 0.068368
402, 0.051330, 0.067405
403, 0.053223, 0.068457
404, 0.055533, 0.066072
405, 0.057857, 0.069222
406, 0.061057, 0.075997
407, 0.081038, 0.093710
408, 0.055458, 0.078548
409, 0.065450, 0.082030
410, 0.053265, 0.080867
411, 0.053102, 0.083720
412, 0.054993, 0.079063
413, 0.059672, 0.071718
414, 0.079300, 0.073907
415, 0.079477, 0.078877
416, 0.079572, 0.073200
417, 0.079522, 0.075048
418, 0.079532, 0.073153
419, 0.092588, 0.096998
420, 0.052583, 0.080492
421, 0.052517, 0.083913
422, 0.054563, 0.082915
423, 0.052445, 0.084048
424, 0.047992, 0.081233
425, 0.046102, 0.088805
426, 0.058502, 0.083492
427, 0.057678, 0.072162
428, 0.056688, 0.069507
429, 0.071922, 0.072693
430, 0.056748, 0.071517
431, 0.056857, 0.072588
432, 0.056078, 0.069957
433, 0.057255, 0.073193
434, 0.058027, 0.088838
435, 0.062080, 0.086500
436, 0.057635, 0.083432
437, 0.057577, 0.087040
438, 0.056425, 0.085692
439, 0.063148, 0.089667
440, 0.054252, 0.083908
441, 0.085752, 0.105743
442, 0.056128, 0.110762
443, 0.148130, 0.105920
444, 0.145888, 0.128257
445, 0.037225, 0.107623
446, 0.050853, 0.105107
447, 0.062098, 0.132348
448, 0.038988, 0.149388
449, 0.059315, 0.071192
450, 0.056503, 0.057528
451, 0.056768, 0.058093
452, 0.058253, 0.064627
453, 0.047255, 0.075977
454, 0.059610, 0.075047
455, 0.063007, 0.076030
456, 0.058495, 0.073378
457, 0.058787, 0.076927
458, 0.059003, 0.075453
459, 0.058990, 0.076968
460, 0.071682, 0.074028
461, 0.059247, 0.077320
462, 0.058862, 0.088725
463, 0.085868, 0.092052
464, 0.084850, 0.088247
465, 0.084112, 0.092425
466, 0.084070, 0.090660
467, 0.083903, 0.092390
468, 0.084935, 0.089127
469, 0.085917, 0.113492
470, 0.091567, 0.111837
471, 0.079018, 0.119370
472, 0.053897, 0.108658
473, 0.053040, 0.113547
474, 0.053438, 0.112157
475, 0.058715, 0.093302
476, 0.059273, 0.090083
477, 0.058460, 0.093960
478, 0.058647, 0.092845
479, 0.058988, 0.094215
480, 0.061983, 0.114140
481, 0.066497, 0.095705
482, 0.066852, 0.094428
483, 0.067012, 0.095665
484, 0.071557, 0.092605
485, 0.067013, 0.096392
486, 0.067028, 0.095023
487, 0.067197, 0.096153
488, 0.066460, 0.093143
489, 0.066575, 0.097227
490, 0.066958, 0.095700
491, 0.067277, 0.097448
492, 0.066670, 0.093888
493, 0.067678, 0.097893
494, 0.074917, 0.096343
495, 0.067030, 0.097642
496, 0.065562, 0.094493
497, 0.072278, 0.099135
498, 0.071158, 0.097862
499, 0.067828, 0.111083
500, 0.067785, 0.095430
501, 0.068633, 0.099770
502, 0.067532, 0.098052
503, 0.066755, 0.099570
504, 0.072637, 0.096097
505, 0.068137, 0.100273
506, 0.066952, 0.098852
507, 0.067062, 0.100523
508, 0.067317, 0.096698
509, 0.066770, 0.100892
510, 0.067197, 0.099757
511, 0.066740, 0.101085
512, 0.066615, 0.061883
513, 0.061073, 0.064627
514, 0.060022, 0.060015
515, 0.059143, 0.059838
516, 0.058930, 0.063722
517, 0.041428, 0.044848
518, 0.039253, 0.044303
519, 0.039355, 0.044860
520, 0.038188, 0.043675
521, 0.059988, 0.044222
522, 0.039538, 0.043928
523, 0.038347, 0.040430
524, 0.036008, 0.036505
525, 0.035840, 0.037300
526, 0.035897, 0.037088
527, 0.036208, 0.037378
528, 0.036047, 0.036290
529, 0.035885, 0.039680
530, 0.036127, 0.037448
531, 0.044775, 0.037948
532, 0.035917, 0.037533
533, 0.038880, 0.038823
534, 0.036040, 0.037908
535, 0.036305, 0.038440
536, 0.037368, 0.032358
537, 0.083805, 0.036638
538, 0.036485, 0.036410
539, 0.036373, 0.036350
540, 0.038935, 0.036768
541, 0.047940, 0.036637
542, 0.036517, 0.036747
543, 0.039508, 0.036422
544, 0.036597, 0.037065
545, 0.036145, 0.036300
546, 0.036412, 0.036330
547, 0.036773, 0.038530
548, 0.036075, 0.042123
549, 0.031557, 0.032637
550, 0.032320, 0.044183
551, 0.037117, 0.046877
552, 0.045662, 0.037827
553, 0.039675, 0.037167
554, 0.036773, 0.037463
555, 0.036547, 0.036935
556, 0.036882, 0.038070
557, 0.036980, 0.037327
558, 0.036952, 0.037463
559, 0.036858, 0.037503
560, 0.036738, 0.037968
561, 0.036685, 0.047932
562, 0.031708, 0.041193
563, 0.037230, 0.037628
564, 0.036868, 0.037885
565, 0.037410, 0.038130
566, 0.037020, 0.037747
567, 0.036993, 0.037825
568, 0.037447, 0.037868
569, 0.037062, 0.037890
570, 0.037150, 0.037662
571, 0.037215, 0.037625
572, 0.045937, 0.040597
573, 0.037143, 0.037665
574, 0.036860, 0.039960
575, 0.037773, 0.037382
576, 0.037392, 0.038147
577, 0.037570, 0.037412
578, 0.037313, 0.037818
579, 0.037330, 0.037700
580, 0.037422, 0.037840
581, 0.037410, 0.037657
582, 0.046223, 0.040298
583, 0.037285, 0.039385
584, 0.037595, 0.037750
585, 0.037303, 0.037678
586, 0.037370, 0.037877
587, 0.037477, 0.037485
588, 0.037228, 0.037935
589, 0.037313, 0.037465
590, 0.037392, 0.037897
591, 0.037445, 0.037687
592, 0.040330, 0.051547
593, 0.031752, 0.032508
594, 0.032123, 0.045583
595, 0.037448, 0.037918
596, 0.037128, 0.037590
597, 0.037378, 0.037293
598, 0.037150, 0.037748
599, 0.037003, 0.037810
600, 0.037322, 0.037737
601, 0.037142, 0.038458
602, 0.039847, 0.046987
603, 0.037322, 0.037572
604, 0.037633, 0.043373
605, 0.038455, 0.038015
606, 0.037857, 0.043590
607, 0.031705, 0.032768
608, 0.048677, 0.037558
609, 0.036735, 0.036407
610, 0.036755, 0.037648
611, 0.037042, 0.037255
612, 0.039768, 0.036990
613, 0.046062, 0.037087
614, 0.037148, 0.036955
615, 0.036923, 0.036910
616, 0.037433, 0.036933
617, 0.037102, 0.036907
618, 0.036957, 0.036863
619, 0.036962, 0.041103
620, 0.031952, 0.032572
621, 0.041598, 0.041110
622, 0.036932, 0.037352
623, 0.046208, 0.037360
624, 0.037535, 0.037017
625, 0.037363, 0.037162
626, 0.037410, 0.037162
627, 0.037037, 0.037330
628, 0.037255, 0.037648
629, 0.036980, 0.036965
630, 0.036908, 0.037160
631, 0.037395, 0.039780
632, 0.037273, 0.039428
633, 0.031878, 0.041585
634, 0.040375, 0.037690
635, 0.037397, 0.037497
636, 0.037307, 0.037583
637, 0.037300, 0.037775
638, 0.037358, 0.037520
639, 0.037605, 0.037188
640, 0.037868, 0.037172
641, 0.040312, 0.037060
642, 0.037208, 0.038218
643, 0.037165, 0.046248
644, 0.037410, 0.037255
645, 0.037360, 0.037672
646, 0.037840, 0.039555
647, 0.037853, 0.037887
648, 0.037945, 0.037758
649, 0.038067, 0.038117
650, 0.037892, 0.039785
651, 0.034492, 0.032513
652, 0.048037, 0.036898
653, 0.037227, 0.036617
654, 0.046165, 0.036645
655, 0.037170, 0.037028
656, 0.037503, 0.036627
657, 0.040757, 0.036420
658, 0.036823, 0.036703
659, 0.036888, 0.036235
660, 0.037052, 0.036300
661, 0.039587, 0.036628
662, 0.037217, 0.036842
663, 0.037220, 0.037670
664, 0.040730, 0.032485
665, 0.042400, 0.036905
666, 0.037250, 0.037172
667, 0.037358, 0.036932
668, 0.037147, 0.037043
669, 0.037253, 0.037510
670, 0.037318, 0.039933
671, 0.037248, 0.037283
672, 0.037155, 0.036818
673, 0.037218, 0.036705
674, 0.046988, 0.036807
675, 0.037213, 0.036845
676, 0.037497, 0.038720
677, 0.034368, 0.032608
678, 0.031700, 0.042028
679, 0.037368, 0.037188
680, 0.037383, 0.040860
681, 0.037425, 0.037090
682, 0.037337, 0.037303
683, 0.038262, 0.037438
684, 0.036963, 0.046590
685, 0.037478, 0.036998
686, 0.037392, 0.037115
687, 0.037327, 0.037240
688, 0.037428, 0.037400
689, 0.037218, 0.037367
690, 0.038127, 0.035312
691, 0.031648, 0.032593
692, 0.043032, 0.037345
693, 0.037330, 0.037138
694, 0.037540, 0.046392
695, 0.037628, 0.037443
696, 0.037493, 0.037340
697, 0.037602, 0.037297
698, 0.037418, 0.037585
699, 0.037302, 0.037422
700, 0.039777, 0.038288
701, 0.037990, 0.037465
702, 0.037662, 0.037543
703, 0.037742, 0.037437
704, 0.038230, 0.037877
705, 0.046725, 0.037425
706, 0.038065, 0.037933
707, 0.037913, 0.037622
708, 0.037775, 0.037823
709, 0.038070, 0.041188
710, 0.041465, 0.037803
711, 0.037945, 0.037717
712, 0.037680, 0.037610
713, 0.037772, 0.037382
714, 0.037893, 0.037730
715, 0.047005, 0.037357
716, 0.037558, 0.037740
717, 0.037335, 0.037543
718, 0.038355, 0.037693
719, 0.038515, 0.037780
720, 0.040513, 0.038115
721, 0.038270, 0.037602
722, 0.038473, 0.037710
723, 0.037953, 0.037615
724, 0.038020, 0.038047
725, 0.037892, 0.046678
726, 0.037588, 0.037833
727, 0.037955, 0.037727
728, 0.038355, 0.037527
729, 0.037798, 0.040188
730, 0.037610, 0.037273
731, 0.037877, 0.037393
732, 0.037883, 0.037503
733, 0.038388, 0.036970
734, 0.046600, 0.055815
735, 0.039877, 0.053068
736, 0.034253, 0.077130
737, 0.036498, 0.052927
738, 0.043263, 0.039087
739, 0.038102, 0.042283
740, 0.038772, 0.039115
741, 0.038090, 0.039008
742, 0.038405, 0.039173
743, 0.038218, 0.038532
744, 0.038302, 0.040792
745, 0.038963, 0.043925
746, 0.048912, 0.038475
747, 0.038242, 0.038715
748, 0.037910, 0.038562
749, 0.041770, 0.038597
750, 0.037780, 0.038892
751, 0.037845, 0.038662
752, 0.038208, 0.039407
753, 0.039135, 0.039158
754, 0.038540, 0.038837
755, 0.038350, 0.039002
756, 0.049128, 0.041617
757, 0.043613, 0.044107
758, 0.038643, 0.037953
759, 0.041610, 0.037798
760, 0.078307, 0.100398
761, 0.038017, 0.037430
762, 0.050870, 0.051003
763, 0.038992, 0.122113
764, 0.038127, 0.038957
765, 0.041252, 0.047862
766, 0.084435, 0.045858
767, 0.033247, 0.041917
768, 0.037158, 0.037223
769, 0.040722, 0.038972
770, 0.073507, 0.037057
771, 0.037427, 0.036597
772, 0.038832, 0.037527
773, 0.037875, 0.036875
774, 0.037625, 0.037165
775, 0.037198, 0.037958
776, 0.037315, 0.046267
777, 0.037457, 0.036952
778, 0.037378, 0.042720
779, 0.037847, 0.036775
780, 0.037408, 0.037110
781, 0.037362, 0.040312
782, 0.032137, 0.032943
783, 0.052285, 0.081538
784, 0.038005, 0.037517
785, 0.037403, 0.036865
786, 0.037432, 0.037520
787, 0.047125, 0.037367
788, 0.037197, 0.039960
789, 0.037430, 0.040255
790, 0.037573, 0.037752
791, 0.037657, 0.038060
792, 0.038067, 0.037515
793, 0.038482, 0.037048
794, 0.037337, 0.033260
795, 0.052808, 0.053402
796, 0.037618, 0.037547
797, 0.047187, 0.037198
798, 0.037592, 0.040147
799, 0.037243, 0.037333
800, 0.037580, 0.039042
801, 0.037195, 0.037723
802, 0.037452, 0.037557
803, 0.037450, 0.037347
804, 0.037463, 0.037480
805, 0.040040, 0.037210
806, 0.037515, 0.037662
807, 0.047013, 0.037778
808, 0.040617, 0.037702
809, 0.037910, 0.037447
810, 0.037967, 0.038358
811, 0.037955, 0.037662
812, 0.037953, 0.037817
813, 0.038007, 0.037563
814, 0.038640, 0.045652
815, 0.038042, 0.038417
816, 0.038237, 0.037910
817, 0.038388, 0.046903
818, 0.040810, 0.037730
819, 0.039712, 0.037602
820, 0.037987, 0.039190
821, 0.037950, 0.037383
822, 0.037772, 0.037278
823, 0.037763, 0.037070
824, 0.037765, 0.037532
825, 0.037710, 0.037355
826, 0.037818, 0.037192
827, 0.037812, 0.046258
828, 0.040703, 0.037468
829, 0.038067, 0.037460
830, 0.037877, 0.037555
831, 0.037822, 0.036993
832, 0.037922, 0.037527
833, 0.037813, 0.037527
834, 0.037768, 0.037460
835, 0.037748, 0.037053
836, 0.037847, 0.037390
837, 0.039092, 0.039737
838, 0.047095, 0.037092
839, 0.037955, 0.037622
840, 0.037865, 0.037687
841, 0.037902, 0.037503
842, 0.037615, 0.037722
843, 0.039150, 0.037668
844, 0.038055, 0.037550
845, 0.037568, 0.038027
846, 0.038407, 0.037485
847, 0.038075, 0.040470
848, 0.047202, 0.037688
849, 0.037838, 0.037820
850, 0.037772, 0.038257
851, 0.037700, 0.037440
852, 0.037907, 0.037298
853, 0.037693, 0.037662
854, 0.037950, 0.037153
855, 0.038177, 0.037285
856, 0.037930, 0.037533
857, 0.040913, 0.038725
858, 0.037753, 0.046375
859, 0.037952, 0.037615
860, 0.037668, 0.037763
861, 0.038078, 0.037783
862, 0.037535, 0.037298
863, 0.037687, 0.037620
864, 0.038540, 0.037762
865, 0.037778, 0.037545
866, 0.038003, 0.037798
867, 0.045932, 0.037613
868, 0.037938, 0.046778
869, 0.037847, 0.037337
870, 0.037528, 0.037608
871, 0.039123, 0.037675
872, 0.037748, 0.038167
873, 0.037642, 0.037442
874, 0.038737, 0.037540
875, 0.037532, 0.037545
876, 0.037562, 0.037520
877, 0.040368, 0.037477
878, 0.037315, 0.037252
879, 0.046327, 0.037748
880, 0.037912, 0.037220
881, 0.037413, 0.038043
882, 0.037712, 0.037340
883, 0.037625, 0.037392
884, 0.037723, 0.037393
885, 0.037907, 0.037475
886, 0.037505, 0.040160
887, 0.037933, 0.037432
888, 0.037958, 0.037742
889, 0.046592, 0.037675
890, 0.037893, 0.038182
891, 0.037777, 0.037577
892, 0.038090, 0.037425
893, 0.037373, 0.037647
894, 0.037763, 0.037635
895, 0.037607, 0.037528
896, 0.037705, 0.040750
897, 0.037650, 0.037765
898, 0.037643, 0.037760
899, 0.037717, 0.046940
900, 0.037700, 0.037575
901, 0.037572, 0.037773
902, 0.037497, 0.037520
903, 0.037635, 0.037530
904, 0.037333, 0.037315
905, 0.037470, 0.037642
906, 0.037362, 0.041012
907, 0.037910, 0.037762
908, 0.037610, 0.038227
909, 0.037660, 0.046722
910, 0.037542, 0.037697
911, 0.037517, 0.037853
912, 0.037572, 0.037933
913, 0.037570, 0.037995
914, 0.037728, 0.037917
915, 0.037575, 0.037667
916, 0.040240, 0.037763
917, 0.037558, 0.038495
918, 0.037615, 0.037960
919, 0.037538, 0.042207
920, 0.047408, 0.037940
921, 0.037730, 0.037672
922, 0.037302, 0.037943
923, 0.037665, 0.038183
924, 0.037595, 0.037832
925, 0.037608, 0.037920
926, 0.040053, 0.038383
927, 0.037768, 0.038407
928, 0.037810, 0.038073
929, 0.037490, 0.038285
930, 0.046310, 0.038172
931, 0.037777, 0.038285
932, 0.037525, 0.038260
933, 0.037528, 0.038308
934, 0.037565, 0.037955
935, 0.037392, 0.038917
936, 0.037575, 0.037950
937, 0.037650, 0.038238
938, 0.037660, 0.038148
939, 0.037593, 0.038438
940, 0.046305, 0.038382
941, 0.037255, 0.038520
942, 0.037403, 0.038065
943, 0.037363, 0.039415
944, 0.037667, 0.039060
945, 0.037543, 0.041050
946, 0.037410, 0.038085
947, 0.037312, 0.038570
948, 0.037170, 0.038428
949, 0.037350, 0.038770
950, 0.037132, 0.047630
951, 0.037317, 0.038578
952, 0.037410, 0.038485
953, 0.037770, 0.038757
954, 0.037127, 0.038593
955, 0.037107, 0.041593
956, 0.037235, 0.038867
957, 0.037345, 0.039200
958, 0.037453, 0.038745
959, 0.037285, 0.039120
960, 0.037423, 0.047803
961, 0.037012, 0.039680
962, 0.038113, 0.038795
963, 0.037435, 0.038802
964, 0.038093, 0.038960
965, 0.039865, 0.039257
966, 0.037357, 0.038932
967, 0.037238, 0.039208
968, 0.037783, 0.038942
969, 0.037287, 0.039307
970, 0.037415, 0.039130
971, 0.046878, 0.039485
972, 0.041102, 0.039128
973, 0.037400, 0.039300
974, 0.037608, 0.039238
975, 0.039967, 0.039202
976, 0.037390, 0.039463
977, 0.037212, 0.039400
978, 0.037080, 0.039267
979, 0.037112, 0.039168
980, 0.037825, 0.039445
981, 0.045777, 0.039622
982, 0.037282, 0.039325
983, 0.037137, 0.039435
984, 0.037313, 0.039040
985, 0.039827, 0.050917
986, 0.037968, 0.039457
987, 0.044660, 0.046537
988, 0.041527, 0.040257
989, 0.037753, 0.039948
990, 0.037640, 0.039573
991, 0.037462, 0.050468
992, 0.037607, 0.039738
993, 0.037210, 0.039998
994, 0.037160, 0.042515
995, 0.037275, 0.039802
996, 0.037247, 0.040063
997, 0.037023, 0.039875
998, 0.037108, 0.039770
999, 0.037260, 0.039803
1000, 0.037542, 0.039465
1001, 0.037337, 0.049023
1002, 0.037317, 0.039893
1003, 0.037340, 0.040328
1004, 0.036922, 0.042385
1005, 0.037132, 0.040825
1006, 0.037070, 0.039915
1007, 0.038230, 0.039958
1008, 0.037172, 0.039858
1009, 0.037098, 0.040290
1010, 0.037033, 0.040292
1011, 0.037165, 0.040330
1012, 0.046965, 0.040283
1013, 0.037500, 0.040553
1014, 0.037855, 0.042790
1015, 0.037163, 0.040500
1016, 0.037247, 0.039985
1017, 0.037220, 0.040467
1018, 0.037305, 0.040830
1019, 0.037140, 0.040980
1020, 0.037518, 0.040343
1021, 0.037305, 0.040708
1022, 0.046118, 0.040318
1023, 0.037862, 0.041673
1024, 0.040645, 0.046092
1025, 0.037270, 0.037948
1026, 0.037480, 0.037907
1027, 0.037708, 0.037923
1028, 0.038138, 0.037833
1029, 0.039235, 0.037973
1030, 0.038547, 0.037967
1031, 0.039007, 0.038407
1032, 0.038627, 0.046942
1033, 0.039173, 0.037650
1034, 0.042300, 0.037658
1035, 0.039447, 0.038182
1036, 0.039092, 0.037663
1037, 0.039888, 0.038060
1038, 0.039280, 0.037948
1039, 0.039543, 0.038128
1040, 0.039285, 0.038580
1041, 0.041482, 0.038228
1042, 0.040262, 0.048283
1043, 0.040208, 0.041215
1044, 0.040172, 0.037903
1045, 0.040080, 0.038295
1046, 0.040033, 0.038527
1047, 0.040290, 0.038248
1048, 0.039887, 0.038532
1049, 0.041360, 0.038358
1050, 0.039870, 0.038475
1051, 0.040288, 0.038945
1052, 0.040432, 0.047720
1053, 0.040357, 0.041093
1054, 0.039935, 0.038453
1055, 0.040442, 0.038398
1056, 0.038893, 0.039013
1057, 0.039807, 0.039023
1058, 0.039460, 0.038522
1059, 0.039447, 0.038467
1060, 0.039542, 0.038443
1061, 0.039445, 0.038340
1062, 0.039497, 0.038530
1063, 0.048562, 0.041087
1064, 0.039380, 0.038492
1065, 0.039952, 0.038437
1066, 0.040445, 0.038405
1067, 0.039993, 0.038320
1068, 0.039652, 0.038287
1069, 0.040212, 0.038195
1070, 0.039845, 0.038220
1071, 0.040275, 0.038175
1072, 0.039342, 0.038577
1073, 0.051858, 0.038422
1074, 0.040363, 0.038205
1075, 0.041653, 0.038103
1076, 0.040478, 0.038045
1077, 0.045750, 0.038467
1078, 0.040728, 0.038340
1079, 0.040032, 0.038262
1080, 0.040117, 0.038408
1081, 0.040792, 0.038268
1082, 0.040850, 0.038248
1083, 0.043160, 0.048380
1084, 0.040663, 0.038258
1085, 0.041167, 0.038557
1086, 0.040752, 0.038438
1087, 0.040370, 0.038342
1088, 0.039025, 0.038582
1089, 0.040212, 0.038055
1090, 0.039968, 0.038157
1091, 0.039678, 0.037973
1092, 0.040313, 0.038055
1093, 0.043437, 0.047437
1094, 0.039948, 0.037918
1095, 0.039697, 0.037928
1096, 0.039450, 0.038477
1097, 0.039958, 0.038313
1098, 0.040163, 0.038193
1099, 0.039797, 0.037938
1100, 0.039877, 0.038898
1101, 0.040343, 0.038082
1102, 0.040438, 0.040733
1103, 0.040453, 0.037840
1104, 0.049070, 0.038575
1105, 0.040647, 0.040227
1106, 0.040827, 0.038900
1107, 0.040805, 0.037900
1108, 0.040660, 0.038062
1109, 0.041690, 0.038018
1110, 0.040665, 0.038242
1111, 0.040513, 0.038073
1112, 0.039900, 0.041223
1113, 0.040593, 0.038262
1114, 0.049733, 0.038203
1115, 0.040982, 0.038663
1116, 0.041048, 0.038295
1117, 0.041178, 0.038207
1118, 0.041518, 0.038100
1119, 0.040747, 0.038015
1120, 0.039010, 0.038815
1121, 0.040267, 0.038238
1122, 0.040208, 0.040725
1123, 0.040695, 0.037953
1124, 0.040323, 0.047163
1125, 0.040365, 0.038142
1126, 0.040937, 0.038590
1127, 0.040155, 0.037873
1128, 0.042288, 0.039308
1129, 0.040487, 0.046448
1130, 0.047628, 0.037195
1131, 0.040240, 0.040357
1132, 0.043460, 0.040988
1133, 0.040843, 0.040043
1134, 0.040100, 0.052565
1135, 0.040872, 0.040202
1136, 0.040175, 0.040393
1137, 0.040937, 0.041167
1138, 0.040877, 0.039890
1139, 0.040597, 0.040002
1140, 0.040812, 0.039942
1141, 0.041398, 0.039953
1142, 0.043575, 0.039967
1143, 0.041848, 0.039458
1144, 0.040290, 0.040270
1145, 0.051487, 0.039952
1146, 0.040897, 0.039888
1147, 0.041443, 0.040070
1148, 0.040942, 0.042538
1149, 0.044512, 0.042573
1150, 0.040293, 0.038353
1151, 0.040405, 0.061532
1152, 0.041815, 0.056417
1153, 0.052960, 0.053680
1154, 0.052332, 0.095083
1155, 0.103243, 0.053102
1156, 0.051650, 0.055960
1157, 0.053813, 0.053728
1158, 0.052548, 0.052553
1159, 0.067313, 0.040842
1160, 0.040418, 0.040168
1161, 0.041092, 0.042290
1162, 0.041305, 0.039435
1163, 0.041245, 0.039323
1164, 0.041163, 0.044333
1165, 0.045272, 0.042127
1166, 0.040188, 0.039453
1167, 0.040112, 0.039578
1168, 0.039990, 0.040440
1169, 0.040403, 0.039810
1170, 0.040168, 0.039150
1171, 0.039932, 0.041317
1172, 0.040502, 0.038567
1173, 0.041570, 0.038635
1174, 0.040457, 0.038663
1175, 0.048500, 0.038650
1176, 0.040908, 0.038712
1177, 0.040515, 0.039455
1178, 0.040358, 0.038545
1179, 0.040322, 0.038310
1180, 0.041277, 0.038320
1181, 0.043400, 0.039458
1182, 0.049752, 0.038548
1183, 0.040588, 0.039653
1184, 0.040113, 0.038967
1185, 0.040607, 0.048902
1186, 0.040657, 0.039500
1187, 0.040727, 0.040043
1188, 0.040855, 0.039385
1189, 0.040333, 0.039420
1190, 0.041670, 0.039185
1191, 0.043492, 0.040120
1192, 0.040442, 0.039398
1193, 0.040503, 0.039702
1194, 0.040550, 0.039398
1195, 0.040355, 0.051120
1196, 0.040762, 0.039308
1197, 0.040532, 0.041373
1198, 0.041080, 0.039555
1199, 0.042312, 0.039132
1200, 0.039678, 0.039448
1201, 0.043240, 0.039533
1202, 0.040673, 0.039505
1203, 0.041113, 0.039235
1204, 0.040432, 0.039533
1205, 0.040563, 0.039547
1206, 0.049523, 0.039915
1207, 0.042575, 0.039150
1208, 0.040047, 0.039425
1209, 0.040447, 0.039675
1210, 0.040775, 0.043373
1211, 0.040632, 0.039573
1212, 0.040532, 0.039522
1213, 0.040597, 0.039782
1214, 0.040822, 0.040498
1215, 0.040687, 0.039517
1216, 0.048125, 0.039457
1217, 0.042408, 0.039603
1218, 0.040853, 0.040598
1219, 0.041260, 0.039720
1220, 0.040163, 0.042532
1221, 0.040325, 0.040053
1222, 0.040565, 0.040477
1223, 0.040560, 0.041778
1224, 0.040127, 0.039552
1225, 0.040613, 0.040353
1226, 0.041163, 0.049132
1227, 0.043880, 0.043942
1228, 0.044277, 0.047677
1229, 0.042605, 0.042737
1230, 0.040743, 0.043615
1231, 0.040563, 0.041408
1232, 0.040213, 0.040077
1233, 0.040643, 0.041278
1234, 0.040707, 0.051370
1235, 0.040325, 0.040407
1236, 0.040512, 0.049942
1237, 0.042053, 0.040160
1238, 0.040615, 0.040095
1239, 0.040680, 0.040962
1240, 0.042938, 0.040568
1241, 0.040748, 0.040430
1242, 0.040592, 0.040107
1243, 0.040537, 0.040328
1244, 0.040765, 0.041287
1245, 0.040855, 0.040463
1246, 0.040612, 0.039687
1247, 0.049970, 0.040755
1248, 0.039597, 0.040593
1249, 0.040955, 0.041143
1250, 0.043717, 0.040173
1251, 0.041075, 0.040317
1252, 0.041412, 0.040363
1253, 0.040578, 0.040557
1254, 0.041033, 0.041318
1255, 0.041015, 0.040828
1256, 0.042027, 0.040860
1257, 0.049335, 0.040742
1258, 0.040850, 0.040547
1259, 0.040885, 0.043773
1260, 0.042075, 0.040898
1261, 0.041660, 0.041238
1262, 0.041028, 0.041118
1263, 0.041063, 0.042222
1264, 0.040640, 0.041873
1265, 0.040998, 0.041507
1266, 0.041082, 0.040855
1267, 0.049147, 0.041875
1268, 0.041218, 0.041273
1269, 0.041225, 0.043597
1270, 0.041022, 0.041078
1271, 0.041200, 0.041163
1272, 0.040892, 0.040957
1273, 0.041117, 0.040982
1274, 0.041118, 0.040022
1275, 0.041345, 0.040133
1276, 0.041517, 0.040285
1277, 0.042812, 0.050232
1278, 0.041148, 0.041238
1279, 0.041448, 0.044038
1280, 0.039683, 0.039475
1281, 0.041742, 0.040843
1282, 0.041113, 0.041478
1283, 0.041448, 0.040953
1284, 0.041383, 0.040587
1285, 0.041115, 0.041423
1286, 0.041515, 0.041967
1287, 0.048263, 0.049978
1288, 0.041108, 0.040917
1289, 0.043018, 0.041207
1290, 0.042130, 0.041625
1291, 0.041252, 0.041738
1292, 0.043352, 0.041147
1293, 0.041237, 0.041858
1294, 0.041435, 0.041545
1295, 0.041618, 0.041678
1296, 0.041158, 0.041072
1297, 0.041653, 0.042477
1298, 0.050273, 0.041843
1299, 0.043097, 0.042197
1300, 0.041445, 0.041833
1301, 0.041590, 0.041628
1302, 0.041560, 0.042258
1303, 0.041692, 0.042192
1304, 0.041090, 0.042125
1305, 0.042112, 0.042465
1306, 0.041790, 0.042593
1307, 0.041722, 0.042413
1308, 0.049012, 0.042348
1309, 0.044140, 0.042835
1310, 0.041853, 0.042173
1311, 0.042042, 0.042492
1312, 0.040742, 0.039805
1313, 0.042030, 0.041908
1314, 0.042237, 0.042182
1315, 0.042115, 0.042298
1316, 0.041750, 0.042058
1317, 0.041438, 0.042348
1318, 0.042013, 0.053090
1319, 0.041837, 0.042198
1320, 0.041857, 0.042088
1321, 0.042040, 0.042325
1322, 0.041987, 0.042802
1323, 0.041680, 0.043117
1324, 0.041742, 0.042345
1325, 0.041700, 0.042143
1326, 0.041877, 0.042162
1327, 0.041647, 0.042060
1328, 0.041358, 0.053282
1329, 0.041583, 0.042197
1330, 0.041990, 0.042297
1331, 0.041780, 0.042455
1332, 0.041293, 0.042253
1333, 0.041998, 0.042873
1334, 0.042055, 0.042630
1335, 0.042288, 0.042575
1336, 0.041317, 0.042478
1337, 0.041948, 0.042880
1338, 0.042315, 0.052470
1339, 0.042498, 0.047738
1340, 0.042088, 0.042637
1341, 0.042340, 0.043033
1342, 0.042360, 0.042717
1343, 0.042560, 0.042775
1344, 0.040790, 0.041042
1345, 0.042935, 0.043718
1346, 0.042285, 0.043368
1347, 0.042375, 0.043330
1348, 0.042350, 0.043207
1349, 0.050893, 0.043352
1350, 0.042135, 0.043407
1351, 0.041880, 0.043265
1352, 0.042130, 0.042957
1353, 0.042120, 0.043185
1354, 0.042292, 0.043140
1355, 0.041855, 0.043533
1356, 0.042307, 0.043905
1357, 0.042442, 0.043487
1358, 0.044138, 0.043015
1359, 0.048655, 0.043398
1360, 0.042037, 0.043515
1361, 0.042505, 0.043870
1362, 0.042358, 0.043587
1363, 0.042450, 0.044045
1364, 0.042917, 0.044897
1365, 0.042590, 0.044188
1366, 0.042287, 0.043595
1367, 0.042620, 0.044100
1368, 0.042462, 0.043900
1369, 0.042817, 0.052658
1370, 0.042455, 0.043797
1371, 0.043190, 0.044562
1372, 0.042992, 0.044428
1373, 0.043012, 0.044295
1374, 0.043530, 0.043792
1375, 0.043142, 0.044177
1376, 0.041462, 0.041435
1377, 0.043622, 0.045328
1378, 0.043338, 0.044603
1379, 0.043673, 0.051253
1380, 0.043448, 0.044640
1381, 0.042797, 0.044250
1382, 0.043207, 0.044500
1383, 0.043205, 0.044545
1384, 0.043027, 0.043685
1385, 0.043168, 0.044533
1386, 0.043092, 0.044818
1387, 0.042872, 0.047372
1388, 0.043037, 0.044405
1389, 0.043298, 0.049818
1390, 0.043280, 0.045050
1391, 0.043035, 0.045288
1392, 0.045945, 0.044332
1393, 0.043102, 0.045383
1394, 0.043317, 0.044950
1395, 0.043200, 0.045237
1396, 0.043210, 0.045142
1397, 0.043245, 0.045743
1398, 0.043360, 0.045168
1399, 0.042930, 0.045823
1400, 0.051187, 0.044715
1401, 0.043277, 0.045188
1402, 0.043308, 0.045240
1403, 0.043310, 0.045125
1404, 0.043580, 0.045322
1405, 0.043540, 0.045102
1406, 0.043438, 0.044563
1407, 0.044817, 0.044950
1408, 0.041850, 0.042400
1409, 0.043568, 0.045043
1410, 0.050783, 0.044460
1411, 0.043580, 0.045125
1412, 0.043980, 0.044937
1413, 0.043778, 0.045173
1414, 0.043463, 0.044717
1415, 0.043987, 0.045155
1416, 0.043798, 0.044125
1417, 0.044028, 0.044710
1418, 0.044160, 0.044608
1419, 0.044040, 0.045545
1420, 0.044012, 0.053543
1421, 0.043915, 0.045345
1422, 0.044100, 0.044830
1423, 0.044222, 0.045268
1424, 0.043812, 0.044298
1425, 0.043617, 0.045503
1426, 0.044225, 0.045767
1427, 0.043932, 0.045773
1428, 0.043872, 0.044980
1429, 0.044053, 0.045493
1430, 0.044397, 0.052448
1431, 0.044213, 0.045780
1432, 0.043583, 0.045053
1433, 0.044177, 0.045607
1434, 0.044252, 0.045208
1435, 0.044523, 0.045793
1436, 0.044195, 0.047072
1437, 0.044527, 0.045598
1438, 0.044553, 0.045148
1439, 0.044488, 0.044982
1440, 0.042942, 0.051108
1441, 0.044737, 0.045568
1442, 0.044492, 0.045612
1443, 0.044500, 0.045653
1444, 0.044460, 0.048398
1445, 0.045763, 0.045875
1446, 0.044712, 0.045053
1447, 0.044857, 0.045535
1448, 0.045087, 0.046012
1449, 0.045045, 0.046567
1450, 0.044700, 0.046355
1451, 0.052287, 0.046920
1452, 0.044987, 0.046217
1453, 0.044610, 0.046367
1454, 0.044857, 0.046760
1455, 0.044717, 0.047423
1456, 0.047412, 0.047338
1457, 0.048590, 0.047480
1458, 0.044893, 0.047573
1459, 0.044857, 0.047117
1460, 0.044860, 0.046250
1461, 0.051762, 0.047982
1462, 0.045170, 0.047020
1463, 0.044912, 0.046730
1464, 0.044475, 0.045928
1465, 0.045212, 0.047208
1466, 0.045457, 0.046523
1467, 0.045043, 0.046927
1468, 0.045173, 0.046697
1469, 0.045530, 0.047257
1470, 0.044992, 0.046938
1471, 0.044790, 0.055865
1472, 0.043408, 0.044165
1473, 0.045293, 0.047297
1474, 0.045168, 0.047137
1475, 0.045135, 0.047343
1476, 0.045630, 0.047285
1477, 0.045142, 0.047202
1478, 0.045455, 0.047383
1479, 0.045460, 0.047722
1480, 0.045728, 0.047322
1481, 0.045495, 0.053118
1482, 0.045298, 0.047857
1483, 0.045538, 0.048277
1484, 0.045437, 0.048240
1485, 0.045062, 0.050658
1486, 0.045295, 0.048837
1487, 0.046465, 0.049773
1488, 0.045442, 0.047990
1489, 0.046005, 0.048982
1490, 0.046180, 0.048852
1491, 0.046412, 0.054235
1492, 0.045702, 0.049010
1493, 0.045810, 0.049702
1494, 0.045705, 0.048935
1495, 0.045418, 0.049170
1496, 0.045697, 0.048225
1497, 0.057222, 0.048480
1498, 0.048258, 0.048872
1499, 0.045703, 0.047707
1500, 0.046195, 0.047292
1501, 0.046065, 0.047375
1502, 0.057930, 0.049087
1503, 0.049050, 0.047270
1504, 0.044470, 0.045273
1505, 0.106660, 0.047400
1506, 0.047140, 0.047352
1507, 0.046440, 0.047265
1508, 0.049630, 0.066037
1509, 0.091397, 0.109083
1510, 0.054978, 0.054858
1511, 0.064037, 0.047800
1512, 0.053578, 0.047325
1513, 0.046168, 0.047352
1514, 0.046142, 0.048817
1515, 0.046622, 0.048125
1516, 0.046285, 0.047440
1517, 0.046115, 0.048320
1518, 0.046282, 0.048133
1519, 0.046078, 0.048120
1520, 0.045905, 0.047432
1521, 0.046183, 0.047897
1522, 0.049668, 0.048065
1523, 0.046445, 0.047878
1524, 0.045853, 0.048022
1525, 0.046222, 0.047938
1526, 0.046383, 0.047782
1527, 0.045785, 0.047415
1528, 0.046443, 0.047255
1529, 0.046342, 0.047858
1530, 0.046467, 0.047262
1531, 0.046588, 0.047427
1532, 0.046283, 0.055425
1533, 0.046078, 0.047483
1534, 0.045893, 0.049542
1535, 0.046248, 0.047620
1536, 0.045358, 0.045963
1537, 0.051665, 0.047345
1538, 0.050863, 0.048140
1539, 0.051818, 0.048313
1540, 0.052437, 0.047918
1541, 0.053590, 0.048098
1542, 0.052708, 0.053638
1543, 0.053608, 0.048395
1544, 0.052268, 0.047863
1545, 0.053403, 0.048800
1546, 0.053477, 0.048592
1547, 0.053243, 0.048882
1548, 0.053138, 0.048428
1549, 0.053852, 0.056493
1550, 0.053360, 0.048585
1551, 0.054045, 0.048905
1552, 0.053063, 0.051632
1553, 0.053703, 0.048173
1554, 0.054283, 0.048873
1555, 0.054050, 0.048870
1556, 0.053747, 0.047833
1557, 0.053893, 0.048745
1558, 0.054280, 0.048782
1559, 0.054172, 0.048872
1560, 0.052758, 0.048448
1561, 0.054312, 0.049422
1562, 0.053897, 0.049363
1563, 0.059237, 0.049332
1564, 0.053882, 0.049497
1565, 0.054002, 0.049597
1566, 0.053505, 0.049417
1567, 0.054008, 0.049732
1568, 0.051127, 0.047172
1569, 0.053445, 0.049895
1570, 0.053562, 0.050982
1571, 0.053857, 0.050873
1572, 0.053063, 0.049868
1573, 0.054547, 0.050112
1574, 0.053198, 0.050578
1575, 0.052993, 0.050232
1576, 0.052422, 0.050357
1577, 0.053167, 0.050115
1578, 0.053067, 0.050062
1579, 0.052810, 0.050558
1580, 0.053047, 0.050550
1581, 0.053927, 0.050932
1582, 0.053342, 0.050462
1583, 0.053965, 0.050780
1584, 0.052987, 0.050492
1585, 0.053827, 0.051290
1586, 0.054230, 0.051433
1587, 0.054132, 0.050842
1588, 0.053813, 0.050688
1589, 0.054002, 0.050812
1590, 0.054648, 0.050678
1591, 0.054058, 0.050568
1592, 0.053387, 0.050258
1593, 0.053807, 0.059590
1594, 0.053680, 0.049993
1595, 0.053838, 0.050715
1596, 0.053888, 0.050228
1597, 0.053950, 0.050420
1598, 0.053515, 0.050092
1599, 0.054017, 0.050585
1600, 0.051533, 0.047295
1601, 0.053667, 0.050653
1602, 0.056358, 0.051082
1603, 0.053382, 0.055492
1604, 0.053453, 0.050797
1605, 0.053452, 0.051090
1606, 0.053615, 0.050913
1607, 0.053358, 0.050960
1608, 0.053302, 0.050678
1609, 0.053728, 0.051297
1610, 0.053740, 0.050987
1611, 0.053900, 0.051685
1612, 0.053750, 0.050858
1613, 0.053693, 0.052873
1614, 0.054012, 0.051238
1615, 0.054352, 0.051447
1616, 0.053270, 0.050160
1617, 0.053930, 0.051690
1618, 0.054503, 0.051445
1619, 0.054152, 0.051067
1620, 0.053672, 0.051133
1621, 0.053817, 0.051337
1622, 0.054403, 0.051095
1623, 0.054060, 0.051555
1624, 0.062000, 0.051122
1625, 0.054438, 0.051142
1626, 0.054237, 0.051198
1627, 0.054627, 0.051535
1628, 0.054035, 0.051085
1629, 0.054232, 0.051485
1630, 0.054315, 0.051348
1631, 0.054557, 0.051608
1632, 0.052125, 0.048018
1633, 0.054350, 0.051848
1634, 0.056253, 0.052093
1635, 0.053647, 0.051945
1636, 0.054270, 0.052060
1637, 0.054122, 0.052023
1638, 0.053860, 0.051903
1639, 0.054297, 0.052278
1640, 0.053765, 0.051585
1641, 0.054235, 0.051862
1642, 0.054483, 0.052210
1643, 0.054412, 0.052207
1644, 0.053898, 0.051882
1645, 0.054310, 0.052655
1646, 0.054387, 0.052282
1647, 0.054195, 0.052410
1648, 0.053838, 0.051452
1649, 0.054790, 0.052697
1650, 0.054703, 0.052522
1651, 0.055497, 0.056117
1652, 0.055387, 0.052180
1653, 0.054693, 0.052792
1654, 0.055033, 0.073842
1655, 0.054802, 0.053038
1656, 0.054292, 0.052170
1657, 0.054938, 0.052970
1658, 0.054540, 0.052278
1659, 0.054383, 0.052618
1660, 0.054675, 0.052163
1661, 0.054668, 0.052330
1662, 0.054647, 0.052187
1663, 0.054807, 0.052695
1664, 0.052780, 0.055100
1665, 0.054785, 0.053440
1666, 0.054665, 0.053945
1667, 0.054753, 0.053398
1668, 0.054357, 0.052727
1669, 0.054702, 0.053657
1670, 0.054568, 0.053280
1671, 0.054430, 0.053928
1672, 0.054422, 0.052740
1673, 0.054615, 0.053938
1674, 0.054517, 0.053048
1675, 0.055050, 0.053485
1676, 0.054810, 0.052632
1677, 0.054782, 0.053793
1678, 0.054747, 0.053357
1679, 0.054888, 0.053483
1680, 0.054143, 0.051955
1681, 0.055098, 0.054442
1682, 0.055010, 0.053297
1683, 0.054880, 0.053420
1684, 0.055303, 0.053420
1685, 0.063235, 0.054100
1686, 0.054862, 0.053353
1687, 0.054968, 0.053508
1688, 0.054782, 0.053055
1689, 0.054903, 0.053000
1690, 0.054927, 0.053162
1691, 0.055167, 0.054603
1692, 0.055415, 0.052992
1693, 0.055047, 0.053797
1694, 0.055213, 0.052942
1695, 0.057648, 0.053177
1696, 0.053080, 0.049618
1697, 0.055683, 0.054877
1698, 0.055202, 0.054245
1699, 0.055222, 0.054638
1700, 0.055212, 0.054125
1701, 0.055067, 0.053838
1702, 0.055338, 0.053862
1703, 0.055517, 0.053890
1704, 0.054913, 0.053413
1705, 0.055012, 0.054912
1706, 0.055205, 0.054733
1707, 0.061497, 0.054753
1708, 0.055245, 0.054847
1709, 0.055832, 0.054405
1710, 0.055187, 0.054048
1711, 0.055397, 0.054120
1712, 0.055338, 0.052865
1713, 0.055707, 0.054432
1714, 0.055343, 0.054425
1715, 0.055383, 0.054515
1716, 0.055427, 0.054092
1717, 0.055700, 0.054948
1718, 0.055903, 0.054670
1719, 0.055415, 0.054863
1720, 0.055165, 0.054088
1721, 0.055883, 0.054667
1722, 0.055462, 0.054182
1723, 0.055927, 0.054647
1724, 0.055745, 0.054145
1725, 0.055365, 0.062582
1726, 0.055508, 0.054378
1727, 0.055430, 0.054605
1728, 0.052973, 0.050403
1729, 0.055742, 0.054933
1730, 0.055708, 0.054905
1731, 0.055280, 0.054812
1732, 0.055408, 0.054813
1733, 0.055275, 0.054982
1734, 0.055220, 0.054852
1735, 0.055377, 0.057723
1736, 0.055122, 0.054165
1737, 0.055297, 0.054868
1738, 0.055212, 0.054922
1739, 0.055232, 0.054992
1740, 0.054978, 0.054578
1741, 0.055425, 0.055028
1742, 0.055517, 0.054918
1743, 0.055332, 0.055058
1744, 0.054905, 0.054052
1745, 0.055530, 0.055757
1746, 0.055512, 0.055020
1747, 0.055897, 0.055277
1748, 0.056012, 0.054932
1749, 0.056247, 0.055092
1750, 0.056595, 0.055215
1751, 0.056365, 0.055530
1752, 0.055563, 0.054933
1753, 0.056405, 0.055422
1754, 0.056280, 0.054937
1755, 0.056398, 0.055570
1756, 0.065425, 0.055263
1757, 0.056383, 0.055313
1758, 0.056170, 0.054985
1759, 0.056633, 0.059980
1760, 0.053970, 0.051500
1761, 0.056037, 0.056140
1762, 0.056317, 0.056457
1763, 0.056215, 0.055612
1764, 0.056338, 0.056060
1765, 0.056385, 0.055582
1766, 0.058075, 0.055072
1767, 0.056265, 0.055852
1768, 0.056165, 0.055232
1769, 0.056575, 0.055888
1770, 0.056218, 0.055980
1771, 0.056085, 0.055692
1772, 0.056075, 0.055120
1773, 0.056075, 0.056540
1774, 0.055988, 0.056042
1775, 0.056105, 0.056160
1776, 0.055253, 0.055018
1777, 0.056423, 0.056182
1778, 0.055947, 0.056030
1779, 0.057272, 0.056815
1780, 0.056928, 0.056085
1781, 0.056477, 0.056775
1782, 0.056702, 0.056777
1783, 0.056512, 0.056573
1784, 0.056042, 0.055727
1785, 0.056817, 0.056703
1786, 0.057125, 0.056225
1787, 0.056705, 0.057045
1788, 0.057107, 0.056070
1789, 0.056855, 0.056730
1790, 0.056722, 0.056343
1791, 0.058798, 0.056530
1792, 0.054327, 0.051375
1793, 0.102088, 0.057667
1794, 0.056713, 0.057705
1795, 0.056762, 0.067045
1796, 0.057283, 0.198913
1797, 0.137877, 0.056727
1798, 0.058977, 0.057763
1799, 0.057368, 0.057175
1800, 0.056645, 0.056952
1801, 0.056840, 0.057925
1802, 0.056963, 0.058188
1803, 0.056848, 0.057520
1804, 0.055733, 0.056650
1805, 0.056295, 0.057642
1806, 0.056295, 0.059743
1807, 0.056147, 0.057097
1808, 0.055577, 0.055720
1809, 0.056293, 0.056973
1810, 0.056433, 0.058125
1811, 0.056645, 0.057497
1812, 0.066365, 0.056733
1813, 0.056323, 0.057543
1814, 0.056745, 0.057382
1815, 0.056278, 0.057257
1816, 0.056087, 0.057007
1817, 0.058565, 0.057427
1818, 0.056612, 0.056900
1819, 0.056900, 0.057817
1820, 0.056303, 0.057062
1821, 0.056405, 0.058888
1822, 0.056928, 0.057318
1823, 0.056873, 0.057848
1824, 0.054060, 0.053580
1825, 0.056883, 0.058690
1826, 0.058100, 0.059913
1827, 0.073908, 0.058557
1828, 0.057448, 0.057615
1829, 0.056593, 0.057785
1830, 0.057073, 0.057985
1831, 0.057067, 0.058235
1832, 0.056478, 0.056853
1833, 0.056950, 0.058093
1834, 0.056982, 0.058010
1835, 0.056978, 0.057892
1836, 0.057053, 0.057703
1837, 0.058682, 0.058120
1838, 0.056393, 0.057990
1839, 0.056720, 0.058790
1840, 0.056510, 0.057033
1841, 0.056680, 0.058277
1842, 0.056980, 0.058412
1843, 0.057088, 0.058332
1844, 0.056587, 0.058343
1845, 0.057367, 0.058445
1846, 0.057335, 0.058352
1847, 0.057383, 0.058502
1848, 0.057472, 0.057612
1849, 0.057458, 0.058368
1850, 0.057620, 0.058427
1851, 0.057747, 0.058818
1852, 0.057863, 0.058185
1853, 0.057598, 0.059102
1854, 0.057875, 0.058238
1855, 0.057658, 0.058938
1856, 0.055447, 0.054785
1857, 0.058465, 0.058885
1858, 0.057443, 0.059050
1859, 0.057732, 0.059137
1860, 0.057508, 0.058588
1861, 0.056975, 0.058858
1862, 0.057643, 0.059197
1863, 0.057328, 0.058708
1864, 0.057140, 0.066510
1865, 0.057742, 0.059220
1866, 0.057397, 0.058673
1867, 0.057417, 0.068150
1868, 0.057712, 0.058575
1869, 0.057810, 0.059528
1870, 0.057448, 0.059572
1871, 0.057433, 0.059633
1872, 0.056997, 0.058123
1873, 0.057770, 0.059492
1874, 0.057730, 0.059050
1875, 0.057378, 0.059248
1876, 0.058052, 0.059100
1877, 0.058042, 0.061248
1878, 0.058233, 0.059457
1879, 0.058232, 0.059742
1880, 0.057628, 0.058790
1881, 0.058175, 0.060223
1882, 0.058532, 0.059402
1883, 0.057827, 0.059970
1884, 0.058157, 0.059330
1885, 0.058248, 0.059808
1886, 0.057920, 0.059230
1887, 0.058370, 0.060160
1888, 0.056035, 0.054920
1889, 0.057692, 0.060015
1890, 0.058235, 0.060203
1891, 0.058293, 0.059637
1892, 0.058213, 0.059542
1893, 0.058427, 0.059607
1894, 0.058705, 0.059500
1895, 0.058983, 0.059983
1896, 0.058580, 0.058887
1897, 0.058740, 0.059775
1898, 0.058802, 0.060200
1899, 0.058712, 0.059808
1900, 0.058485, 0.059228
1901, 0.059057, 0.060440
1902, 0.059173, 0.059790
1903, 0.059022, 0.060285
1904, 0.058183, 0.058683
1905, 0.058682, 0.059617
1906, 0.058537, 0.059977
1907, 0.058808, 0.060035
1908, 0.066645, 0.059793
1909, 0.058915, 0.060335
1910, 0.058957, 0.060243
1911, 0.058740, 0.059823
1912, 0.058535, 0.059498
1913, 0.058583, 0.059708
1914, 0.058572, 0.059778
1915, 0.058848, 0.060342
1916, 0.058475, 0.059218
1917, 0.062957, 0.060477
1918, 0.059447, 0.060032
1919, 0.058605, 0.060248
1920, 0.056345, 0.055160
1921, 0.059160, 0.061170
1922, 0.058783, 0.060685
1923, 0.058915, 0.060783
1924, 0.058968, 0.060092
1925, 0.058743, 0.060620
1926, 0.059202, 0.060298
1927, 0.058873, 0.059975
1928, 0.058930, 0.059725
1929, 0.059357, 0.060542
1930, 0.059145, 0.060312
1931, 0.059168, 0.060558
1932, 0.059160, 0.059960
1933, 0.058702, 0.060260
1934, 0.059213, 0.060645
1935, 0.059262, 0.060058
1936, 0.058823, 0.059088
1937, 0.059842, 0.060685
1938, 0.059402, 0.059980
1939, 0.059705, 0.060580
1940, 0.059728, 0.060415
1941, 0.059340, 0.060135
1942, 0.059338, 0.060727
1943, 0.059852, 0.060590
1944, 0.058823, 0.060113
1945, 0.059560, 0.060990
1946, 0.059528, 0.060108
1947, 0.059312, 0.060205
1948, 0.059768, 0.068848
1949, 0.059212, 0.060675
1950, 0.059135, 0.060562
1951, 0.059420, 0.060908
1952, 0.056953, 0.055895
1953, 0.059243, 0.061455
1954, 0.059163, 0.061698
1955, 0.059022, 0.061192
1956, 0.059693, 0.061697
1957, 0.059588, 0.061243
1958, 0.059950, 0.062087
1959, 0.060308, 0.061812
1960, 0.059567, 0.060680
1961, 0.059798, 0.061888
1962, 0.060002, 0.061622
1963, 0.059663, 0.061875
1964, 0.060220, 0.061918
1965, 0.060322, 0.061983
1966, 0.059998, 0.061612
1967, 0.060377, 0.061452
1968, 0.059918, 0.059402
1969, 0.060267, 0.064180
1970, 0.060500, 0.060277
1971, 0.059920, 0.061005
1972, 0.060040, 0.061022
1973, 0.060378, 0.061430
1974, 0.059730, 0.061303
1975, 0.060197, 0.061760
1976, 0.059927, 0.060198
1977, 0.060490, 0.061890
1978, 0.060435, 0.061177
1979, 0.060332, 0.061770
1980, 0.060338, 0.060930
1981, 0.060093, 0.061357
1982, 0.059502, 0.060230
1983, 0.060000, 0.061295
1984, 0.057993, 0.056603
1985, 0.060480, 0.061032
1986, 0.060538, 0.060862
1987, 0.060360, 0.060557
1988, 0.060610, 0.060855
1989, 0.069250, 0.061218
1990, 0.060352, 0.061185
1991, 0.060492, 0.061345
1992, 0.060610, 0.061262
1993, 0.059960, 0.062243
1994, 0.061390, 0.063055
1995, 0.060523, 0.061300
1996, 0.060100, 0.062015
1997, 0.060463, 0.062718
1998, 0.059655, 0.062713
1999, 0.061802, 0.063100
