1, 64, 0, 0
32, 0.083885, 0.053367
33, 0.053227, 0.057500
34, 0.052923, 0.054275
35, 0.058063, 0.057167
36, 0.056917, 0.057825
37, 0.057347, 0.057787
38, 0.057133, 0.067358
39, 0.053057, 0.053312
40, 0.053517, 0.053245
41, 0.053297, 0.053682
42, 0.062593, 0.053800
43, 0.056225, 0.053570
44, 0.053688, 0.052982
45, 0.053087, 0.052413
46, 0.052825, 0.052608
47, 0.052867, 0.052897
48, 0.052895, 0.053103
49, 0.053010, 0.079242
50, 0.037333, 0.040080
51, 0.037060, 0.040532
52, 0.047395, 0.039745
53, 0.039698, 0.041478
54, 0.041508, 0.037433
55, 0.037820, 0.037285
56, 0.038680, 0.037643
57, 0.037732, 0.036667
58, 0.037697, 0.037210
59, 0.037852, 0.037155
60, 0.038653, 0.037200
61, 0.037895, 0.036900
62, 0.037620, 0.045793
63, 0.040320, 0.036627
64, 0.038533, 0.036968
65, 0.037860, 0.036608
66, 0.037582, 0.037003
67, 0.037897, 0.037042
68, 0.037925, 0.037978
69, 0.038043, 0.036928
70, 0.037962, 0.036727
71, 0.038055, 0.036847
72, 0.037900, 0.049427
73, 0.037812, 0.037120
74, 0.037845, 0.037072
75, 0.037970, 0.037140
76, 0.037945, 0.037973
77, 0.037803, 0.037465
78, 0.037835, 0.037132
79, 0.039115, 0.044110
80, 0.038105, 0.038485
81, 0.037958, 0.038722
82, 0.037532, 0.040073
83, 0.046750, 0.037400
84, 0.037770, 0.038735
85, 0.037785, 0.037282
86, 0.041100, 0.041040
87, 0.043050, 0.042005
88, 0.043665, 0.043488
89, 0.043403, 0.039965
90, 0.037712, 0.037537
91, 0.037087, 0.037372
92, 0.053058, 0.041713
93, 0.060163, 0.042860
94, 0.041763, 0.041782
95, 0.042188, 0.043373
96, 0.045242, 0.041633
97, 0.041633, 0.043087
98, 0.041737, 0.042773
99, 0.042285, 0.044132
100, 0.042212, 0.041985
101, 0.042132, 0.044522
102, 0.045167, 0.043350
103, 0.053882, 0.043823
104, 0.042205, 0.043623
105, 0.047440, 0.042572
106, 0.047305, 0.042818
107, 0.047277, 0.041662
108, 0.047305, 0.041515
109, 0.048535, 0.041582
110, 0.048932, 0.042410
111, 0.047765, 0.098432
112, 0.070322, 0.048323
113, 0.050623, 0.059785
114, 0.051702, 0.046657
115, 0.045847, 0.048402
116, 0.041928, 0.045663
117, 0.041880, 0.048515
118, 0.043367, 0.048110
119, 0.049447, 0.048725
120, 0.039877, 0.047900
121, 0.039198, 0.049707
122, 0.234473, 0.059597
123, 0.043037, 0.068812
124, 0.047363, 0.067170
125, 0.042468, 0.069668
126, 0.039407, 0.069007
127, 0.043762, 0.069870
128, 0.048527, 0.068023
129, 0.045472, 0.071560
130, 0.064095, 0.116382
131, 0.059807, 0.118068
132, 0.065143, 0.114248
133, 0.059678, 0.120710
134, 0.073273, 0.119333
135, 0.047552, 0.044215
136, 0.044488, 0.040342
137, 0.045730, 0.042797
138, 0.046452, 0.039910
139, 0.045113, 0.044170
140, 0.040033, 0.050257
141, 0.038515, 0.041793
142, 0.051028, 0.042460
143, 0.047500, 0.037543
144, 0.059793, 0.040325
145, 0.047695, 0.043168
146, 0.044037, 0.043175
147, 0.040168, 0.049197
148, 0.043635, 0.046532
149, 0.050295, 0.045352
150, 0.043800, 0.043873
151, 0.048957, 0.044477
152, 0.039857, 0.043027
153, 0.040707, 0.045103
154, 0.049953, 0.044737
155, 0.037408, 0.045293
156, 0.037493, 0.043778
157, 0.039753, 0.046232
158, 0.037960, 0.045715
159, 0.039417, 0.038045
160, 0.041983, 0.036977
161, 0.042290, 0.038627
162, 0.040602, 0.038312
163, 0.039505, 0.038625
164, 0.039860, 0.046550
165, 0.039527, 0.038928
166, 0.041175, 0.038715
167, 0.053720, 0.039378
168, 0.042302, 0.038325
169, 0.040123, 0.039787
170, 0.039368, 0.042213
171, 0.040968, 0.048682
172, 0.038847, 0.046940
173, 0.037533, 0.049743
174, 0.038597, 0.049075
175, 0.037723, 0.049630
176, 0.041177, 0.048242
177, 0.041367, 0.050305
178, 0.038047, 0.049935
179, 0.037808, 0.050485
180, 0.037693, 0.048995
181, 0.037632, 0.051282
182, 0.037510, 0.042473
183, 0.040498, 0.042188
184, 0.039387, 0.049753
185, 0.049980, 0.042577
186, 0.040255, 0.042067
187, 0.040018, 0.042617
188, 0.039650, 0.041458
189, 0.039013, 0.043513
190, 0.042295, 0.042783
191, 0.039357, 0.043498
192, 0.041422, 0.042033
193, 0.038817, 0.044237
194, 0.039707, 0.043682
195, 0.048455, 0.044315
196, 0.040337, 0.042867
197, 0.039223, 0.048142
198, 0.037587, 0.053962
199, 0.037920, 0.054693
200, 0.040462, 0.053052
201, 0.038425, 0.055258
202, 0.037468, 0.054545
203, 0.038237, 0.055487
204, 0.037478, 0.053517
205, 0.037382, 0.064255
206, 0.038132, 0.055413
207, 0.038733, 0.056013
208, 0.040400, 0.044728
209, 0.038790, 0.046825
210, 0.041868, 0.046358
211, 0.038917, 0.047057
212, 0.039895, 0.045487
213, 0.038987, 0.047950
214, 0.039618, 0.047072
215, 0.038927, 0.052033
216, 0.040592, 0.046328
217, 0.039020, 0.048412
218, 0.040485, 0.047703
219, 0.041638, 0.048470
220, 0.042690, 0.046775
221, 0.039347, 0.048985
222, 0.042572, 0.048162
223, 0.039935, 0.049177
224, 0.041677, 0.047473
225, 0.040848, 0.049813
226, 0.040512, 0.048937
227, 0.039802, 0.049658
228, 0.040200, 0.047938
229, 0.041807, 0.050468
230, 0.039848, 0.049965
231, 0.039248, 0.050332
232, 0.041420, 0.048835
233, 0.039488, 0.051220
234, 0.040405, 0.050733
235, 0.043095, 0.051310
236, 0.057055, 0.049607
237, 0.055720, 0.063095
238, 0.037712, 0.062372
239, 0.040690, 0.062823
240, 0.037822, 0.061115
241, 0.037373, 0.063495
242, 0.037600, 0.062985
243, 0.037613, 0.063895
244, 0.037608, 0.061532
245, 0.038088, 0.064897
246, 0.047228, 0.063845
247, 0.038880, 0.053178
248, 0.039035, 0.051168
249, 0.043103, 0.053803
250, 0.039185, 0.053035
251, 0.039023, 0.053955
252, 0.039917, 0.052140
253, 0.038692, 0.054567
254, 0.038880, 0.054112
255, 0.039915, 0.054735
256, 0.050177, 0.052890
257, 0.037677, 0.055337
258, 0.038325, 0.054623
259, 0.040575, 0.055395
260, 0.039118, 0.053563
261, 0.037590, 0.049965
262, 0.054063, 0.098388
263, 0.068137, 0.047497
264, 0.040568, 0.046022
265, 0.040932, 0.048030
266, 0.039937, 0.053198
267, 0.039992, 0.048165
268, 0.040747, 0.046713
269, 0.039665, 0.048777
270, 0.039145, 0.048080
271, 0.041340, 0.048858
272, 0.040798, 0.047145
273, 0.040715, 0.049295
274, 0.041983, 0.048667
275, 0.041293, 0.049395
276, 0.041402, 0.049145
277, 0.039523, 0.049997
278, 0.040817, 0.049228
279, 0.040898, 0.049915
280, 0.040880, 0.048152
281, 0.040695, 0.055842
282, 0.031920, 0.058365
283, 0.053375, 0.059523
284, 0.054158, 0.057713
285, 0.054042, 0.110815
286, 0.038412, 0.059672
287, 0.047050, 0.060237
288, 0.042237, 0.058078
289, 0.037622, 0.062345
290, 0.037895, 0.060137
291, 0.039122, 0.061042
292, 0.039213, 0.059037
293, 0.038438, 0.057948
294, 0.031750, 0.054930
295, 0.053663, 0.052647
296, 0.055452, 0.051978
297, 0.063072, 0.083793
298, 0.043028, 0.051972
299, 0.039687, 0.052890
300, 0.039875, 0.051137
301, 0.040535, 0.053445
302, 0.039808, 0.052757
303, 0.039023, 0.063858
304, 0.052900, 0.060958
305, 0.053348, 0.064093
306, 0.053727, 0.063082
307, 0.052982, 0.073155
308, 0.040963, 0.061315
309, 0.038853, 0.064428
310, 0.039827, 0.063397
311, 0.037875, 0.064258
312, 0.039975, 0.062118
313, 0.032158, 0.055022
314, 0.039205, 0.054352
315, 0.040492, 0.055238
316, 0.040063, 0.053387
317, 0.039355, 0.055855
318, 0.039158, 0.054797
319, 0.039975, 0.055850
320, 0.041250, 0.053937
321, 0.033562, 0.056252
322, 0.046558, 0.055577
323, 0.042542, 0.056325
324, 0.042657, 0.054400
325, 0.042445, 0.057140
326, 0.043818, 0.056185
327, 0.042957, 0.056968
328, 0.047155, 0.055192
329, 0.047338, 0.072233
330, 0.046958, 0.067243
331, 0.047192, 0.068085
332, 0.046948, 0.065523
333, 0.048650, 0.068617
334, 0.048150, 0.067645
335, 0.047915, 0.068687
336, 0.045807, 0.066147
337, 0.046118, 0.069468
338, 0.057757, 0.068392
339, 0.045312, 0.069295
340, 0.038027, 0.066703
341, 0.051708, 0.070023
342, 0.018607, 0.138743
343, 0.040385, 0.069832
344, 0.036625, 0.067292
345, 0.042767, 0.051693
346, 0.053452, 0.043692
347, 0.058405, 0.047047
348, 0.062912, 0.053833
349, 0.046878, 0.051393
350, 0.054222, 0.042868
351, 0.051300, 0.042000
352, 0.047978, 0.054485
353, 0.048440, 0.052205
354, 0.047495, 0.042533
355, 0.068903, 0.249517
356, 0.042667, 0.046810
357, 0.050402, 0.049035
358, 0.062800, 0.050942
359, 0.050733, 0.051612
360, 0.051445, 0.035557
361, 0.035505, 0.036232
362, 0.049278, 0.045348
363, 0.042887, 0.040737
364, 0.106963, 0.120615
365, 0.117965, 0.091603
366, 0.043890, 0.057337
367, 0.047823, 0.046385
368, 0.109812, 0.051675
369, 0.045617, 0.040668
370, 0.040828, 0.041742
371, 0.063542, 0.059068
372, 0.064387, 0.062468
373, 0.064150, 0.058632
374, 0.064203, 0.058593
375, 0.064105, 0.059023
376, 0.064273, 0.062348
377, 0.064777, 0.059452
378, 0.074312, 0.070562
379, 0.064365, 0.065893
380, 0.064458, 0.091555
381, 0.047300, 0.065157
382, 0.047045, 0.064230
383, 0.048202, 0.065232
384, 0.046105, 0.062998
385, 0.043162, 0.065973
386, 0.044628, 0.066537
387, 0.046772, 0.066020
388, 0.044853, 0.063667
389, 0.053960, 0.066437
390, 0.044325, 0.065513
391, 0.044117, 0.066295
392, 0.044622, 0.062883
393, 0.064078, 0.058473
394, 0.064010, 0.059158
395, 0.064095, 0.059325
396, 0.067047, 0.059327
397, 0.063788, 0.059292
398, 0.063713, 0.059478
399, 0.074360, 0.058950
400, 0.071160, 0.100558
401, 0.043233, 0.068145
402, 0.042868, 0.067513
403, 0.044505, 0.068343
404, 0.043835, 0.065755
405, 0.042643, 0.069203
406, 0.046047, 0.067760
407, 0.043987, 0.068840
408, 0.044965, 0.063010
409, 0.036487, 0.070185
410, 0.047602, 0.059340
411, 0.046205, 0.060130
412, 0.046207, 0.058247
413, 0.047672, 0.060875
414, 0.046183, 0.060123
415, 0.046212, 0.060760
416, 0.045915, 0.058647
417, 0.048512, 0.075987
418, 0.049283, 0.069827
419, 0.047852, 0.070698
420, 0.043163, 0.068123
421, 0.046068, 0.071147
422, 0.042873, 0.070043
423, 0.042763, 0.071092
424, 0.044805, 0.068583
425, 0.045307, 0.071707
426, 0.044295, 0.070777
427, 0.054467, 0.072093
428, 0.055225, 0.069358
429, 0.056540, 0.072593
430, 0.054822, 0.071408
431, 0.055252, 0.072368
432, 0.054598, 0.070123
433, 0.055037, 0.087813
434, 0.073772, 0.085450
435, 0.073002, 0.090577
436, 0.073297, 0.083707
437, 0.073675, 0.087800
438, 0.074867, 0.086118
439, 0.074540, 0.100625
440, 0.071772, 0.102417
441, 0.071590, 0.120298
442, 0.048718, 0.105193
443, 0.050127, 0.106755
444, 0.049922, 0.102852
445, 0.053047, 0.092878
446, 0.052388, 0.087192
447, 0.051413, 0.088022
448, 0.053908, 0.085333
449, 0.050917, 0.088827
450, 0.063700, 0.087377
451, 0.052663, 0.088927
452, 0.051913, 0.085792
453, 0.053798, 0.089588
454, 0.054020, 0.082705
455, 0.046935, 0.075922
456, 0.076695, 0.073613
457, 0.076538, 0.077223
458, 0.077218, 0.075993
459, 0.076645, 0.077325
460, 0.087687, 0.074458
461, 0.079408, 0.091857
462, 0.072972, 0.090220
463, 0.072530, 0.091710
464, 0.076255, 0.088385
465, 0.072517, 0.091852
466, 0.080032, 0.090990
467, 0.085753, 0.151808
468, 0.087332, 0.101283
469, 0.080815, 0.113785
470, 0.080768, 0.207750
471, 0.054428, 0.112702
472, 0.057512, 0.108525
473, 0.054237, 0.101710
474, 0.060607, 0.092208
475, 0.060703, 0.093538
476, 0.060970, 0.090167
477, 0.060642, 0.094085
478, 0.063193, 0.093047
479, 0.060660, 0.094078
480, 0.059483, 0.090702
481, 0.061097, 0.095182
482, 0.060783, 0.093485
483, 0.061973, 0.094797
484, 0.065542, 0.091612
485, 0.061993, 0.095673
486, 0.060608, 0.094330
487, 0.062647, 0.095435
488, 0.060968, 0.092142
489, 0.061690, 0.096340
490, 0.060900, 0.095130
491, 0.062308, 0.096708
492, 0.060670, 0.093158
493, 0.062067, 0.097238
494, 0.065313, 0.095393
495, 0.062467, 0.096897
496, 0.060982, 0.093518
497, 0.062377, 0.097910
498, 0.060992, 0.096635
499, 0.061720, 0.098237
500, 0.061795, 0.094510
501, 0.062382, 0.098845
502, 0.064498, 0.097010
503, 0.066223, 0.098832
504, 0.069900, 0.095983
505, 0.065933, 0.100127
506, 0.065757, 0.098858
507, 0.066025, 0.100463
508, 0.065248, 0.096937
509, 0.065062, 0.100988
510, 0.065698, 0.099713
511, 0.065537, 0.101070
512, 0.065045, 0.060800
513, 0.063910, 0.063358
514, 0.063378, 0.058498
515, 0.063437, 0.057832
516, 0.057672, 0.057930
517, 0.064422, 0.059710
518, 0.058830, 0.058938
519, 0.058338, 0.057793
520, 0.059205, 0.060033
521, 0.077007, 0.057625
522, 0.057758, 0.057847
523, 0.061923, 0.063210
524, 0.059468, 0.058673
525, 0.060235, 0.060042
526, 0.058932, 0.058142
527, 0.058322, 0.058285
528, 0.061355, 0.058742
529, 0.058430, 0.057977
530, 0.061345, 0.058298
531, 0.076973, 0.058668
532, 0.058117, 0.058188
533, 0.058163, 0.066867
534, 0.060627, 0.057955
535, 0.059173, 0.059550
536, 0.061263, 0.058298
537, 0.059408, 0.058245
538, 0.059263, 0.059927
539, 0.058663, 0.057977
540, 0.058575, 0.058242
541, 0.075570, 0.059592
542, 0.059205, 0.058185
543, 0.063720, 0.057315
544, 0.061467, 0.058403
545, 0.058747, 0.057237
546, 0.059003, 0.061422
547, 0.040758, 0.056103
548, 0.036897, 0.044058
549, 0.037372, 0.039845
550, 0.038455, 0.039342
551, 0.037377, 0.048737
552, 0.037552, 0.038897
553, 0.040258, 0.039823
554, 0.038527, 0.039455
555, 0.037498, 0.041157
556, 0.037787, 0.039403
557, 0.037325, 0.042383
558, 0.035783, 0.043545
559, 0.034532, 0.040443
560, 0.039430, 0.040617
561, 0.056052, 0.052652
562, 0.038970, 0.043545
563, 0.038493, 0.042357
564, 0.044142, 0.039945
565, 0.038430, 0.038412
566, 0.038648, 0.038635
567, 0.038328, 0.038460
568, 0.038128, 0.038837
569, 0.039967, 0.038313
570, 0.038362, 0.038255
571, 0.038418, 0.038203
572, 0.050925, 0.043145
573, 0.038753, 0.038525
574, 0.038363, 0.038830
575, 0.038567, 0.038663
576, 0.038392, 0.049065
577, 0.038295, 0.039360
578, 0.038233, 0.040840
579, 0.044270, 0.043947
580, 0.038635, 0.041517
581, 0.038270, 0.037510
582, 0.080345, 0.072140
583, 0.038417, 0.039297
584, 0.038450, 0.037738
585, 0.055490, 0.034645
586, 0.062452, 0.103505
587, 0.085903, 0.038313
588, 0.047193, 0.043497
589, 0.044563, 0.047442
590, 0.043140, 0.047913
591, 0.035420, 0.056082
592, 0.088983, 0.044612
593, 0.041155, 0.038785
594, 0.038633, 0.037958
595, 0.039077, 0.038853
596, 0.038230, 0.038480
597, 0.038353, 0.037785
598, 0.039008, 0.038285
599, 0.038445, 0.038260
600, 0.038407, 0.038360
601, 0.038355, 0.037978
602, 0.041813, 0.047250
603, 0.039112, 0.038210
604, 0.038482, 0.041263
605, 0.039100, 0.053407
606, 0.053293, 0.116342
607, 0.037965, 0.037108
608, 0.038157, 0.037790
609, 0.039057, 0.037932
610, 0.038063, 0.037560
611, 0.038115, 0.040112
612, 0.037987, 0.037290
613, 0.047170, 0.037550
614, 0.038022, 0.038122
615, 0.037727, 0.041055
616, 0.032413, 0.033307
617, 0.037813, 0.037160
618, 0.037705, 0.038410
619, 0.038150, 0.037192
620, 0.038007, 0.037418
621, 0.037898, 0.039745
622, 0.037942, 0.037510
623, 0.046675, 0.037332
624, 0.037952, 0.037782
625, 0.037912, 0.037233
626, 0.037968, 0.037675
627, 0.037912, 0.037683
628, 0.037657, 0.037112
629, 0.037960, 0.037312
630, 0.038182, 0.037398
631, 0.040972, 0.037288
632, 0.037962, 0.037423
633, 0.038500, 0.046032
634, 0.038080, 0.037413
635, 0.037977, 0.037115
636, 0.039032, 0.038003
637, 0.039258, 0.037070
638, 0.038313, 0.037418
639, 0.038385, 0.037108
640, 0.038408, 0.037335
641, 0.041180, 0.036903
642, 0.038182, 0.037580
643, 0.038318, 0.046357
644, 0.038303, 0.037803
645, 0.038167, 0.037512
646, 0.038580, 0.037383
647, 0.038322, 0.038303
648, 0.038200, 0.037298
649, 0.038175, 0.037370
650, 0.038110, 0.037345
651, 0.040757, 0.037150
652, 0.038097, 0.037240
653, 0.038218, 0.045860
654, 0.038553, 0.037322
655, 0.038445, 0.037293
656, 0.038487, 0.037108
657, 0.038442, 0.037113
658, 0.038328, 0.037065
659, 0.038583, 0.037875
660, 0.038580, 0.039650
661, 0.038237, 0.036820
662, 0.038287, 0.036995
663, 0.039187, 0.037542
664, 0.048680, 0.036822
665, 0.038330, 0.037835
666, 0.038168, 0.037167
667, 0.038315, 0.037372
668, 0.038340, 0.037293
669, 0.038500, 0.037368
670, 0.038488, 0.039905
671, 0.038343, 0.042872
672, 0.039512, 0.036647
673, 0.038183, 0.036705
674, 0.047815, 0.037338
675, 0.038322, 0.037443
676, 0.038535, 0.036957
677, 0.038125, 0.037070
678, 0.038262, 0.037365
679, 0.037828, 0.036907
680, 0.038307, 0.039483
681, 0.038665, 0.036527
682, 0.038198, 0.036762
683, 0.038077, 0.036652
684, 0.038350, 0.046407
685, 0.038727, 0.037208
686, 0.038535, 0.037285
687, 0.041123, 0.033858
688, 0.054805, 0.047947
689, 0.038165, 0.038587
690, 0.040880, 0.037372
691, 0.037980, 0.037095
692, 0.037878, 0.037112
693, 0.037805, 0.036937
694, 0.040202, 0.046315
695, 0.038387, 0.038143
696, 0.038217, 0.036840
697, 0.038332, 0.036998
698, 0.038103, 0.037443
699, 0.038032, 0.037268
700, 0.040508, 0.036078
701, 0.053662, 0.039345
702, 0.038178, 0.037122
703, 0.038230, 0.037102
704, 0.038157, 0.037065
705, 0.047047, 0.037515
706, 0.038260, 0.037408
707, 0.039147, 0.037342
708, 0.038235, 0.037387
709, 0.038130, 0.037783
710, 0.040770, 0.037517
711, 0.038255, 0.037593
712, 0.041653, 0.035440
713, 0.032407, 0.035862
714, 0.039285, 0.037200
715, 0.047190, 0.036983
716, 0.039123, 0.036890
717, 0.038127, 0.037282
718, 0.038303, 0.037313
719, 0.038090, 0.042687
720, 0.039612, 0.037247
721, 0.038388, 0.037502
722, 0.038323, 0.038095
723, 0.038252, 0.037578
724, 0.038230, 0.037360
725, 0.039283, 0.050293
726, 0.033133, 0.035997
727, 0.053593, 0.054305
728, 0.053527, 0.053390
729, 0.053635, 0.056395
730, 0.053557, 0.053953
731, 0.054570, 0.053042
732, 0.053905, 0.053542
733, 0.053563, 0.054390
734, 0.053272, 0.053883
735, 0.056958, 0.062002
736, 0.053910, 0.072150
737, 0.038540, 0.042532
738, 0.038390, 0.041925
739, 0.040980, 0.042375
740, 0.038560, 0.042077
741, 0.038300, 0.042258
742, 0.038383, 0.042012
743, 0.038417, 0.042337
744, 0.038370, 0.042117
745, 0.038387, 0.042753
746, 0.048577, 0.040285
747, 0.053457, 0.053637
748, 0.053212, 0.053063
749, 0.101532, 0.040277
750, 0.038352, 0.039755
751, 0.038215, 0.039910
752, 0.038043, 0.039065
753, 0.038082, 0.039957
754, 0.040067, 0.039650
755, 0.038223, 0.039882
756, 0.046852, 0.039825
757, 0.037903, 0.039427
758, 0.056133, 0.080660
759, 0.048423, 0.042697
760, 0.044982, 0.042688
761, 0.043825, 0.045132
762, 0.044097, 0.042922
763, 0.044178, 0.042797
764, 0.043873, 0.043060
765, 0.044253, 0.042570
766, 0.043850, 0.053547
767, 0.044250, 0.045540
768, 0.053008, 0.068582
769, 0.063312, 0.061875
770, 0.062695, 0.063337
771, 0.062877, 0.062583
772, 0.063010, 0.062462
773, 0.064108, 0.062678
774, 0.062923, 0.062792
775, 0.062778, 0.067340
776, 0.063263, 0.072537
777, 0.062877, 0.062592
778, 0.064050, 0.065853
779, 0.064540, 0.063225
780, 0.063295, 0.063410
781, 0.062815, 0.062533
782, 0.062853, 0.062418
783, 0.070875, 0.063295
784, 0.062268, 0.137148
785, 0.044283, 0.077203
786, 0.049700, 0.066220
787, 0.044252, 0.047932
788, 0.044367, 0.051383
789, 0.043777, 0.048340
790, 0.043695, 0.047588
791, 0.044828, 0.053263
792, 0.039118, 0.046247
793, 0.044010, 0.044625
794, 0.043672, 0.044442
795, 0.044073, 0.044698
796, 0.044135, 0.044493
797, 0.054538, 0.045208
798, 0.047627, 0.044938
799, 0.044010, 0.044875
800, 0.044018, 0.044000
801, 0.043968, 0.044788
802, 0.047420, 0.041877
803, 0.063140, 0.063160
804, 0.064088, 0.132562
805, 0.044653, 0.043132
806, 0.044550, 0.043287
807, 0.054020, 0.043552
808, 0.047368, 0.043178
809, 0.043757, 0.043040
810, 0.043708, 0.043287
811, 0.043697, 0.046268
812, 0.038393, 0.045063
813, 0.047770, 0.046378
814, 0.047207, 0.046763
815, 0.047520, 0.046412
816, 0.049638, 0.046827
817, 0.047650, 0.058592
818, 0.047178, 0.046457
819, 0.047630, 0.047843
820, 0.047615, 0.046440
821, 0.047407, 0.050128
822, 0.041722, 0.042675
823, 0.068745, 0.074043
824, 0.047137, 0.046240
825, 0.047445, 0.046168
826, 0.047910, 0.046985
827, 0.047607, 0.061075
828, 0.047057, 0.046280
829, 0.047575, 0.046368
830, 0.047237, 0.045762
831, 0.047887, 0.045625
832, 0.048383, 0.046635
833, 0.047543, 0.048505
834, 0.047620, 0.046373
835, 0.047717, 0.046005
836, 0.050427, 0.046277
837, 0.047778, 0.050068
838, 0.058392, 0.046565
839, 0.042228, 0.066388
840, 0.069825, 0.068677
841, 0.068752, 0.070210
842, 0.068417, 0.087808
843, 0.047305, 0.047248
844, 0.047272, 0.046830
845, 0.047327, 0.046837
846, 0.048155, 0.046548
847, 0.051192, 0.051175
848, 0.057462, 0.046547
849, 0.047338, 0.045658
850, 0.047668, 0.045847
851, 0.047685, 0.045893
852, 0.047168, 0.046242
853, 0.047697, 0.045873
854, 0.046868, 0.046255
855, 0.047923, 0.046203
856, 0.048207, 0.046022
857, 0.050767, 0.049398
858, 0.055925, 0.081118
859, 0.069220, 0.070245
860, 0.047563, 0.046035
861, 0.047173, 0.045960
862, 0.047347, 0.046047
863, 0.047315, 0.045423
864, 0.047760, 0.046037
865, 0.047328, 0.045785
866, 0.047070, 0.048222
867, 0.052460, 0.045242
868, 0.068573, 0.079935
869, 0.070515, 0.068027
870, 0.110178, 0.055720
871, 0.055598, 0.054595
872, 0.058493, 0.054700
873, 0.054478, 0.054355
874, 0.055780, 0.062442
875, 0.048695, 0.048995
876, 0.054895, 0.058855
877, 0.061263, 0.053443
878, 0.057292, 0.053912
879, 0.067282, 0.056143
880, 0.056315, 0.054428
881, 0.054780, 0.053903
882, 0.054147, 0.054083
883, 0.054453, 0.061470
884, 0.049338, 0.098708
885, 0.057747, 0.111812
886, 0.056772, 0.059083
887, 0.057377, 0.053913
888, 0.093300, 0.052742
889, 0.068645, 0.057875
890, 0.054895, 0.053420
891, 0.059133, 0.055632
892, 0.054903, 0.053252
893, 0.055905, 0.050537
894, 0.050815, 0.051243
895, 0.069050, 0.056938
896, 0.122015, 0.177805
897, 0.050122, 0.072322
898, 0.091205, 0.083762
899, 0.082813, 0.096492
900, 0.082938, 0.098153
901, 0.069968, 0.060558
902, 0.054485, 0.063133
903, 0.052108, 0.070297
904, 0.054850, 0.062612
905, 0.131893, 0.108307
906, 0.067353, 0.056850
907, 0.068323, 0.062193
908, 0.075698, 0.067637
909, 0.048682, 0.073732
910, 0.048247, 0.062595
911, 0.054018, 0.067818
912, 0.061428, 0.063580
913, 0.066365, 0.066962
914, 0.065562, 0.064622
915, 0.067223, 0.062578
916, 0.053410, 0.051092
917, 0.175077, 0.051610
918, 0.062802, 0.055568
919, 0.057692, 0.070940
920, 0.056635, 0.054137
921, 0.055652, 0.056025
922, 0.054488, 0.053802
923, 0.054502, 0.054062
924, 0.058123, 0.053772
925, 0.054157, 0.058370
926, 0.054752, 0.058257
927, 0.049268, 0.055622
928, 0.055293, 0.053255
929, 0.054335, 0.052953
930, 0.068362, 0.054265
931, 0.054717, 0.052977
932, 0.054482, 0.053403
933, 0.056247, 0.053023
934, 0.054263, 0.053142
935, 0.054277, 0.060907
936, 0.060745, 0.105232
937, 0.054712, 0.053353
938, 0.056228, 0.053223
939, 0.054358, 0.053407
940, 0.066973, 0.053888
941, 0.054663, 0.053980
942, 0.055537, 0.053260
943, 0.054373, 0.055238
944, 0.054718, 0.050903
945, 0.054537, 0.058128
946, 0.054650, 0.054853
947, 0.054447, 0.053065
948, 0.054395, 0.054128
949, 0.054602, 0.054573
950, 0.054072, 0.066018
951, 0.054415, 0.053110
952, 0.056348, 0.059235
953, 0.048940, 0.056428
954, 0.054100, 0.054150
955, 0.061813, 0.052957
956, 0.054675, 0.053272
957, 0.057048, 0.053065
958, 0.056302, 0.053213
959, 0.054280, 0.052590
960, 0.059257, 0.094155
961, 0.066825, 0.058260
962, 0.057870, 0.053908
963, 0.057022, 0.054015
964, 0.054608, 0.054468
965, 0.059743, 0.053332
966, 0.055867, 0.055088
967, 0.054707, 0.053778
968, 0.054715, 0.053380
969, 0.054837, 0.053737
970, 0.055703, 0.049500
971, 0.093852, 0.107530
972, 0.055493, 0.053640
973, 0.054450, 0.055318
974, 0.054230, 0.053463
975, 0.059457, 0.053302
976, 0.056418, 0.056843
977, 0.054357, 0.053148
978, 0.055217, 0.055752
979, 0.056818, 0.053568
980, 0.054563, 0.053960
981, 0.067872, 0.053748
982, 0.055952, 0.053585
983, 0.054468, 0.053375
984, 0.054353, 0.062163
985, 0.056398, 0.054035
986, 0.054500, 0.057005
987, 0.048492, 0.050603
988, 0.054793, 0.053570
989, 0.054183, 0.052728
990, 0.054985, 0.055623
991, 0.054602, 0.065248
992, 0.057813, 0.053448
993, 0.054248, 0.054562
994, 0.054883, 0.058052
995, 0.054500, 0.058358
996, 0.048375, 0.059627
997, 0.054600, 0.054667
998, 0.054518, 0.054423
999, 0.055903, 0.054665
1000, 0.055178, 0.054548
1001, 0.054438, 0.067783
1002, 0.055880, 0.054555
1003, 0.055160, 0.055212
1004, 0.058567, 0.056408
1005, 0.080970, 0.113102
1006, 0.054440, 0.053210
1007, 0.056117, 0.052908
1008, 0.055002, 0.053945
1009, 0.054602, 0.054338
1010, 0.054507, 0.053095
1011, 0.054362, 0.052790
1012, 0.072323, 0.050262
1013, 0.080938, 0.105927
1014, 0.059178, 0.054842
1015, 0.060690, 0.056600
1016, 0.060690, 0.056757
1017, 0.057675, 0.056767
1018, 0.057650, 0.056652
1019, 0.058738, 0.066418
1020, 0.066880, 0.079353
1021, 0.107488, 0.061567
1022, 0.076047, 0.060753
1023, 0.058817, 0.062203
1024, 0.066245, 0.061463
1025, 0.058157, 0.057638
1026, 0.057695, 0.057825
1027, 0.059808, 0.058080
1028, 0.058127, 0.060227
1029, 0.056988, 0.060995
1030, 0.058175, 0.060343
1031, 0.058590, 0.058305
1032, 0.074772, 0.058632
1033, 0.056948, 0.063542
1034, 0.056932, 0.060372
1035, 0.060900, 0.060612
1036, 0.054043, 0.082643
1037, 0.060045, 0.058525
1038, 0.057578, 0.058428
1039, 0.057202, 0.060757
1040, 0.060633, 0.058912
1041, 0.057253, 0.059505
1042, 0.057058, 0.075998
1043, 0.056677, 0.068595
1044, 0.060950, 0.058207
1045, 0.059675, 0.057797
1046, 0.057700, 0.057547
1047, 0.058480, 0.059075
1048, 0.057592, 0.057642
1049, 0.058030, 0.057540
1050, 0.060980, 0.059488
1051, 0.057838, 0.066593
1052, 0.053215, 0.108938
1053, 0.077643, 0.063058
1054, 0.056827, 0.058087
1055, 0.058668, 0.058150
1056, 0.059155, 0.059055
1057, 0.056777, 0.061660
1058, 0.059583, 0.058355
1059, 0.066807, 0.051573
1060, 0.051792, 0.066670
1061, 0.058097, 0.058128
1062, 0.057992, 0.058660
1063, 0.079547, 0.057890
1064, 0.058763, 0.058208
1065, 0.057742, 0.061288
1066, 0.058683, 0.058575
1067, 0.057823, 0.065073
1068, 0.053868, 0.058737
1069, 0.056655, 0.059328
1070, 0.056385, 0.058037
1071, 0.058533, 0.058462
1072, 0.057933, 0.058803
1073, 0.077408, 0.060208
1074, 0.056858, 0.058150
1075, 0.056503, 0.062243
1076, 0.053965, 0.088013
1077, 0.057192, 0.058570
1078, 0.056743, 0.060590
1079, 0.056942, 0.058373
1080, 0.069773, 0.058843
1081, 0.060948, 0.058740
1082, 0.057182, 0.058477
1083, 0.061887, 0.079843
1084, 0.058960, 0.058535
1085, 0.057815, 0.058068
1086, 0.057762, 0.060938
1087, 0.057907, 0.057733
1088, 0.058627, 0.059097
1089, 0.059458, 0.058100
1090, 0.057705, 0.057827
1091, 0.057560, 0.069163
1092, 0.053483, 0.082587
1093, 0.056775, 0.073270
1094, 0.058708, 0.058443
1095, 0.056823, 0.058673
1096, 0.060035, 0.060653
1097, 0.057092, 0.058443
1098, 0.057608, 0.058765
1099, 0.056570, 0.069465
1100, 0.056855, 0.060515
1101, 0.057713, 0.058352
1102, 0.059517, 0.063053
1103, 0.057883, 0.059008
1104, 0.071253, 0.060142
1105, 0.057932, 0.057702
1106, 0.057548, 0.057693
1107, 0.059612, 0.057867
1108, 0.064330, 0.085753
1109, 0.057258, 0.060067
1110, 0.056502, 0.058733
1111, 0.056688, 0.061390
1112, 0.062813, 0.064200
1113, 0.056245, 0.057807
1114, 0.076958, 0.061427
1115, 0.056848, 0.067443
1116, 0.052290, 0.052420
1117, 0.065790, 0.059972
1118, 0.057845, 0.058123
1119, 0.057770, 0.057762
1120, 0.059795, 0.060027
1121, 0.057605, 0.058262
1122, 0.062768, 0.059387
1123, 0.057818, 0.058008
1124, 0.065582, 0.098055
1125, 0.083847, 0.073643
1126, 0.064948, 0.059955
1127, 0.057232, 0.061392
1128, 0.057425, 0.058282
1129, 0.057073, 0.059108
1130, 0.059785, 0.058070
1131, 0.056922, 0.065300
1132, 0.065643, 0.061053
1133, 0.058025, 0.058597
1134, 0.058403, 0.072630
1135, 0.059793, 0.058052
1136, 0.057765, 0.058183
1137, 0.059092, 0.059975
1138, 0.057992, 0.058252
1139, 0.057673, 0.065842
1140, 0.088960, 0.119427
1141, 0.056940, 0.063493
1142, 0.059125, 0.081197
1143, 0.056297, 0.097412
1144, 0.096578, 0.267835
1145, 0.076668, 0.181657
1146, 0.060463, 0.142045
1147, 0.058265, 0.179512
1148, 0.063512, 0.057865
1149, 0.057885, 0.067492
1150, 0.079523, 0.064233
1151, 0.058785, 0.068838
1152, 0.170723, 0.167767
1153, 0.057853, 0.065910
1154, 0.058463, 0.061863
1155, 0.075760, 0.059337
1156, 0.071487, 0.067695
1157, 0.058595, 0.058408
1158, 0.057875, 0.057832
1159, 0.057598, 0.058008
1160, 0.058042, 0.057912
1161, 0.057705, 0.063655
1162, 0.057730, 0.058148
1163, 0.058538, 0.058178
1164, 0.066230, 0.062812
1165, 0.072027, 0.057918
1166, 0.057662, 0.057855
1167, 0.057578, 0.058225
1168, 0.057970, 0.059157
1169, 0.057440, 0.057780
1170, 0.058147, 0.059948
1171, 0.065627, 0.057658
1172, 0.061377, 0.052088
1173, 0.051892, 0.066242
1174, 0.057398, 0.058158
1175, 0.057278, 0.071307
1176, 0.057790, 0.057445
1177, 0.057580, 0.057290
1178, 0.057558, 0.057237
1179, 0.057280, 0.056975
1180, 0.060248, 0.058607
1181, 0.056322, 0.062502
1182, 0.063217, 0.057452
1183, 0.057453, 0.057633
1184, 0.058525, 0.059213
1185, 0.057715, 0.071497
1186, 0.058707, 0.057090
1187, 0.057802, 0.060662
1188, 0.058143, 0.061115
1189, 0.051618, 0.052278
1190, 0.066620, 0.057465
1191, 0.062848, 0.058457
1192, 0.057773, 0.057592
1193, 0.057783, 0.057132
1194, 0.057220, 0.056918
1195, 0.057245, 0.057357
1196, 0.071793, 0.057613
1197, 0.057963, 0.053258
1198, 0.084820, 0.099902
1199, 0.060517, 0.057652
1200, 0.058078, 0.062905
1201, 0.057420, 0.057262
1202, 0.057687, 0.057590
1203, 0.059238, 0.057557
1204, 0.057527, 0.061695
1205, 0.052003, 0.088105
1206, 0.071752, 0.057645
1207, 0.057632, 0.057848
1208, 0.057908, 0.060763
1209, 0.057677, 0.057428
1210, 0.057413, 0.062875
1211, 0.057690, 0.057683
1212, 0.057627, 0.057690
1213, 0.064577, 0.088742
1214, 0.058452, 0.057462
1215, 0.057752, 0.057382
1216, 0.058312, 0.072407
1217, 0.057402, 0.057500
1218, 0.058935, 0.058462
1219, 0.057675, 0.058075
1220, 0.059033, 0.068160
1221, 0.055772, 0.061493
1222, 0.057867, 0.058263
1223, 0.057502, 0.058338
1224, 0.057838, 0.058460
1225, 0.057865, 0.058813
1226, 0.057800, 0.071942
1227, 0.058703, 0.057772
1228, 0.057748, 0.057963
1229, 0.060692, 0.052345
1230, 0.068427, 0.057063
1231, 0.057337, 0.060783
1232, 0.058042, 0.057553
1233, 0.057977, 0.057332
1234, 0.058230, 0.057583
1235, 0.058413, 0.057510
1236, 0.057908, 0.057300
1237, 0.077158, 0.052302
1238, 0.058088, 0.057905
1239, 0.057243, 0.057620
1240, 0.062903, 0.057925
1241, 0.057680, 0.057278
1242, 0.057035, 0.057738
1243, 0.058528, 0.057597
1244, 0.057613, 0.057942
1245, 0.057552, 0.059803
1246, 0.051587, 0.062248
1247, 0.071118, 0.058985
1248, 0.059227, 0.058703
1249, 0.058257, 0.062350
1250, 0.057812, 0.057443
1251, 0.057693, 0.057677
1252, 0.057533, 0.057713
1253, 0.057275, 0.057538
1254, 0.067223, 0.060595
1255, 0.057457, 0.058192
1256, 0.057505, 0.058002
1257, 0.057250, 0.071060
1258, 0.056680, 0.057742
1259, 0.057017, 0.062890
1260, 0.056630, 0.059507
1261, 0.056878, 0.057825
1262, 0.068238, 0.051775
1263, 0.060277, 0.057278
1264, 0.058102, 0.058047
1265, 0.057382, 0.057225
1266, 0.057305, 0.057715
1267, 0.057470, 0.070933
1268, 0.057660, 0.057328
1269, 0.059257, 0.063048
1270, 0.057285, 0.057093
1271, 0.051465, 0.065032
1272, 0.058342, 0.057420
1273, 0.057205, 0.057103
1274, 0.057573, 0.057192
1275, 0.057173, 0.057172
1276, 0.057393, 0.057258
1277, 0.057287, 0.057527
1278, 0.071702, 0.071677
1279, 0.056113, 0.062443
1280, 0.058280, 0.058727
1281, 0.057317, 0.067947
1282, 0.078073, 0.068687
1283, 0.057955, 0.069293
1284, 0.057730, 0.058557
1285, 0.057500, 0.058453
1286, 0.057565, 0.070683
1287, 0.078658, 0.123735
1288, 0.074675, 0.057588
1289, 0.063122, 0.057528
1290, 0.057365, 0.057422
1291, 0.057090, 0.056960
1292, 0.057197, 0.057672
1293, 0.057223, 0.057338
1294, 0.065253, 0.057858
1295, 0.057530, 0.057580
1296, 0.058538, 0.058568
1297, 0.058862, 0.057142
1298, 0.071487, 0.057498
1299, 0.062758, 0.057295
1300, 0.059553, 0.057783
1301, 0.058025, 0.058443
1302, 0.062632, 0.052122
1303, 0.076270, 0.057602
1304, 0.057615, 0.057562
1305, 0.056985, 0.058467
1306, 0.057032, 0.057285
1307, 0.056692, 0.057192
1308, 0.056942, 0.076525
1309, 0.056687, 0.057168
1310, 0.056935, 0.057057
1311, 0.059653, 0.059008
1312, 0.058173, 0.058568
1313, 0.057075, 0.057117
1314, 0.057168, 0.056995
1315, 0.056972, 0.057020
1316, 0.057150, 0.057142
1317, 0.056943, 0.058335
1318, 0.056990, 0.079875
1319, 0.051610, 0.089542
1320, 0.057708, 0.057653
1321, 0.057458, 0.057632
1322, 0.057285, 0.057733
1323, 0.058173, 0.057192
1324, 0.057622, 0.057658
1325, 0.057515, 0.059100
1326, 0.057852, 0.057652
1327, 0.067213, 0.058348
1328, 0.057658, 0.059257
1329, 0.070765, 0.058102
1330, 0.057505, 0.057813
1331, 0.057708, 0.057683
1332, 0.057028, 0.057732
1333, 0.056888, 0.058198
1334, 0.057088, 0.058795
1335, 0.069567, 0.052292
1336, 0.052287, 0.066645
1337, 0.056753, 0.057297
1338, 0.061975, 0.057548
1339, 0.070588, 0.057740
1340, 0.056728, 0.057602
1341, 0.056540, 0.057390
1342, 0.057113, 0.057945
1343, 0.057043, 0.067475
1344, 0.058447, 0.057698
1345, 0.059943, 0.059958
1346, 0.058807, 0.057590
1347, 0.057078, 0.057557
1348, 0.063000, 0.063498
1349, 0.057583, 0.071967
1350, 0.057313, 0.064058
1351, 0.057680, 0.068340
1352, 0.059010, 0.058338
1353, 0.057130, 0.057760
1354, 0.057172, 0.057772
1355, 0.057195, 0.057973
1356, 0.057193, 0.058018
1357, 0.056848, 0.064740
1358, 0.057165, 0.057650
1359, 0.056835, 0.084987
1360, 0.051313, 0.073637
1361, 0.057450, 0.057807
1362, 0.057453, 0.058100
1363, 0.058170, 0.057675
1364, 0.071342, 0.058522
1365, 0.056910, 0.059148
1366, 0.058550, 0.058270
1367, 0.057477, 0.076375
1368, 0.057120, 0.060617
1369, 0.060102, 0.057273
1370, 0.071305, 0.057270
1371, 0.056852, 0.056450
1372, 0.057197, 0.056655
1373, 0.057023, 0.056545
1374, 0.056917, 0.056608
1375, 0.057082, 0.057193
1376, 0.071265, 0.051933
1377, 0.061905, 0.063015
1378, 0.057915, 0.057808
1379, 0.057133, 0.057323
1380, 0.070652, 0.058848
1381, 0.057440, 0.059018
1382, 0.057527, 0.057925
1383, 0.059317, 0.060798
1384, 0.070510, 0.052357
1385, 0.052070, 0.065485
1386, 0.057200, 0.057875
1387, 0.062195, 0.057575
1388, 0.056982, 0.057173
1389, 0.056763, 0.057240
1390, 0.081557, 0.070205
1391, 0.124153, 0.100370
1392, 0.090868, 0.091170
1393, 0.151435, 0.084952
1394, 0.192763, 0.054758
1395, 0.079480, 0.095107
1396, 0.109852, 0.088245
1397, 0.190632, 0.060310
1398, 0.057227, 0.057428
1399, 0.173392, 0.061962
1400, 0.064608, 0.106787
1401, 0.102313, 0.075297
1402, 0.136880, 0.059612
1403, 0.057960, 0.058090
1404, 0.058247, 0.057948
1405, 0.058022, 0.059007
1406, 0.057838, 0.059158
1407, 0.063100, 0.057637
1408, 0.058170, 0.058002
1409, 0.057277, 0.057673
1410, 0.057697, 0.085778
1411, 0.093543, 0.092502
1412, 0.091743, 0.092808
1413, 0.093603, 0.093245
1414, 0.151695, 0.093172
1415, 0.092290, 0.100483
1416, 0.079223, 0.064550
1417, 0.056575, 0.060468
1418, 0.056738, 0.062188
1419, 0.057098, 0.060597
1420, 0.057295, 0.060637
1421, 0.073460, 0.061692
1422, 0.056498, 0.061420
1423, 0.063728, 0.058183
1424, 0.074963, 0.057317
1425, 0.056143, 0.059100
1426, 0.057590, 0.063370
1427, 0.056028, 0.058143
1428, 0.056000, 0.057885
1429, 0.057478, 0.058403
1430, 0.055813, 0.058247
1431, 0.084377, 0.052525
1432, 0.065268, 0.063022
1433, 0.062138, 0.062913
1434, 0.066973, 0.073562
1435, 0.062638, 0.083735
1436, 0.080885, 0.075798
1437, 0.063757, 0.063162
1438, 0.062647, 0.078580
1439, 0.057085, 0.070230
1440, 0.063618, 0.064357
1441, 0.062635, 0.086100
1442, 0.062860, 0.062953
1443, 0.064490, 0.063815
1444, 0.062890, 0.063600
1445, 0.062843, 0.069652
1446, 0.063418, 0.068302
1447, 0.062798, 0.062933
1448, 0.065085, 0.062847
1449, 0.062628, 0.063040
1450, 0.062837, 0.064848
1451, 0.063555, 0.077853
1452, 0.063640, 0.064552
1453, 0.062525, 0.063838
1454, 0.057045, 0.073200
1455, 0.064537, 0.062445
1456, 0.069085, 0.062683
1457, 0.062635, 0.066473
1458, 0.062355, 0.062312
1459, 0.062118, 0.061980
1460, 0.064292, 0.062137
1461, 0.064280, 0.057437
1462, 0.083145, 0.066015
1463, 0.062217, 0.062633
1464, 0.062443, 0.062753
1465, 0.064522, 0.068055
1466, 0.062145, 0.062447
1467, 0.062145, 0.064473
1468, 0.063357, 0.077387
1469, 0.056082, 0.057210
1470, 0.072553, 0.063228
1471, 0.062463, 0.063132
1472, 0.078315, 0.063070
1473, 0.062612, 0.064285
1474, 0.062888, 0.065478
1475, 0.062553, 0.068855
1476, 0.076463, 0.058508
1477, 0.069560, 0.063052
1478, 0.062475, 0.064103
1479, 0.062348, 0.065093
1480, 0.063040, 0.064192
1481, 0.062497, 0.062808
1482, 0.064615, 0.078162
1483, 0.062673, 0.076993
1484, 0.056463, 0.059288
1485, 0.073030, 0.069010
1486, 0.062407, 0.065003
1487, 0.062313, 0.063353
1488, 0.062317, 0.063180
1489, 0.065053, 0.063583
1490, 0.062375, 0.063225
1491, 0.062433, 0.072867
1492, 0.066135, 0.077900
1493, 0.061835, 0.063155
1494, 0.063982, 0.063887
1495, 0.067818, 0.065998
1496, 0.062230, 0.065480
1497, 0.062203, 0.063357
1498, 0.061945, 0.077722
1499, 0.056872, 0.068323
1500, 0.063610, 0.062737
1501, 0.064757, 0.062883
1502, 0.062780, 0.078282
1503, 0.062733, 0.064993
1504, 0.062243, 0.063300
1505, 0.069553, 0.062603
1506, 0.078363, 0.057787
1507, 0.096868, 0.062593
1508, 0.064740, 0.062593
1509, 0.062167, 0.062628
1510, 0.063270, 0.064308
1511, 0.062497, 0.062910
1512, 0.068982, 0.063513
1513, 0.079650, 0.075058
1514, 0.068558, 0.063588
1515, 0.069103, 0.064945
1516, 0.063037, 0.063080
1517, 0.062745, 0.063708
1518, 0.064828, 0.063327
1519, 0.062785, 0.063130
1520, 0.064590, 0.067762
1521, 0.071938, 0.058493
1522, 0.081525, 0.065508
1523, 0.077735, 0.064840
1524, 0.063080, 0.071257
1525, 0.062652, 0.065050
1526, 0.063077, 0.062843
1527, 0.064228, 0.062972
1528, 0.076362, 0.057805
1529, 0.068655, 0.065537
1530, 0.062485, 0.066098
1531, 0.062485, 0.064385
1532, 0.064262, 0.062883
1533, 0.062407, 0.077628
1534, 0.062205, 0.070800
1535, 0.062088, 0.074947
1536, 0.057692, 0.063930
1537, 0.063847, 0.062320
1538, 0.061480, 0.062190
1539, 0.062342, 0.064268
1540, 0.061810, 0.062255
1541, 0.061510, 0.064557
1542, 0.063542, 0.062618
1543, 0.061592, 0.091508
1544, 0.070555, 0.062975
1545, 0.062735, 0.063373
1546, 0.062652, 0.065480
1547, 0.062580, 0.062755
1548, 0.062823, 0.062698
1549, 0.064420, 0.063328
1550, 0.062685, 0.066900
1551, 0.056500, 0.067052
1552, 0.064113, 0.062588
1553, 0.062298, 0.062800
1554, 0.084613, 0.062207
1555, 0.062702, 0.062647
1556, 0.062237, 0.066533
1557, 0.064207, 0.062387
1558, 0.062112, 0.062727
1559, 0.057242, 0.070930
1560, 0.062625, 0.062503
1561, 0.062222, 0.064667
1562, 0.062232, 0.063608
1563, 0.062115, 0.064737
1564, 0.082403, 0.062615
1565, 0.062708, 0.063465
1566, 0.064555, 0.066190
1567, 0.062227, 0.068148
1568, 0.063798, 0.065532
1569, 0.062628, 0.062445
1570, 0.062992, 0.062308
1571, 0.064443, 0.062517
1572, 0.062617, 0.062298
1573, 0.062987, 0.074015
1574, 0.056348, 0.083412
1575, 0.062907, 0.064900
1576, 0.062832, 0.062862
1577, 0.062295, 0.062300
1578, 0.064287, 0.063127
1579, 0.061868, 0.061897
1580, 0.062215, 0.064437
1581, 0.062285, 0.063025
1582, 0.062930, 0.063085
1583, 0.064613, 0.068607
1584, 0.064267, 0.078220
1585, 0.063028, 0.064313
1586, 0.056415, 0.074425
1587, 0.067782, 0.092223
1588, 0.069350, 0.062908
1589, 0.074882, 0.063063
1590, 0.065400, 0.062857
1591, 0.062667, 0.062807
1592, 0.062950, 0.065687
1593, 0.070415, 0.074373
1594, 0.064297, 0.062903
1595, 0.080495, 0.062597
1596, 0.062880, 0.062772
1597, 0.064707, 0.062838
1598, 0.062648, 0.062668
1599, 0.063000, 0.068548
1600, 0.063077, 0.065310
1601, 0.063625, 0.063370
1602, 0.066173, 0.066065
1603, 0.062490, 0.069623
1604, 0.062537, 0.065788
1605, 0.077170, 0.062390
1606, 0.062172, 0.063703
1607, 0.063615, 0.062433
1608, 0.062190, 0.062252
1609, 0.061743, 0.063905
1610, 0.066900, 0.058453
1611, 0.069173, 0.062632
1612, 0.066302, 0.062522
1613, 0.067768, 0.062560
1614, 0.061920, 0.064052
1615, 0.061982, 0.077670
1616, 0.084295, 0.086817
1617, 0.100657, 0.216782
1618, 0.060023, 0.082118
1619, 0.211827, 0.068305
1620, 0.070203, 0.201908
1621, 0.091197, 0.201625
1622, 0.062275, 0.063097
1623, 0.076353, 0.076760
1624, 0.063152, 0.062628
1625, 0.063003, 0.084098
1626, 0.058637, 0.060425
1627, 0.104780, 0.073382
1628, 0.069448, 0.086802
1629, 0.077935, 0.077897
1630, 0.079487, 0.079498
1631, 0.072043, 0.077213
1632, 0.070557, 0.087025
1633, 0.140615, 0.064122
1634, 0.063045, 0.062962
1635, 0.062610, 0.078315
1636, 0.062610, 0.061978
1637, 0.062497, 0.063757
1638, 0.062217, 0.062197
1639, 0.063385, 0.061805
1640, 0.063165, 0.063283
1641, 0.063160, 0.064773
1642, 0.062967, 0.069383
1643, 0.063122, 0.063033
1644, 0.063193, 0.064125
1645, 0.063335, 0.063120
1646, 0.077817, 0.063190
1647, 0.063020, 0.063010
1648, 0.054355, 0.053923
1649, 0.050052, 0.055615
1650, 0.049440, 0.054968
1651, 0.049773, 0.055523
1652, 0.049298, 0.055207
1653, 0.049592, 0.055382
1654, 0.049857, 0.056073
1655, 0.050093, 0.055395
1656, 0.051470, 0.054612
1657, 0.049848, 0.055952
1658, 0.049735, 0.055142
1659, 0.049772, 0.055105
1660, 0.049553, 0.054855
1661, 0.050350, 0.055435
1662, 0.049770, 0.054147
1663, 0.050008, 0.055080
1664, 0.043875, 0.048925
1665, 0.052008, 0.054733
1666, 0.051822, 0.063083
1667, 0.052082, 0.055337
1668, 0.051148, 0.054620
1669, 0.051907, 0.055710
1670, 0.052278, 0.055460
1671, 0.051990, 0.055130
1672, 0.050593, 0.053943
1673, 0.052320, 0.055468
1674, 0.051793, 0.054765
1675, 0.052085, 0.055598
1676, 0.051542, 0.057998
1677, 0.052133, 0.056138
1678, 0.052188, 0.055768
1679, 0.052543, 0.055542
1680, 0.048800, 0.053325
1681, 0.052060, 0.055758
1682, 0.052340, 0.055292
1683, 0.052415, 0.055553
1684, 0.051473, 0.055173
1685, 0.052638, 0.055668
1686, 0.052168, 0.055627
1687, 0.051878, 0.055497
1688, 0.050782, 0.054702
1689, 0.052352, 0.055968
1690, 0.051945, 0.054925
1691, 0.052415, 0.055642
1692, 0.051568, 0.054938
1693, 0.052097, 0.055450
1694, 0.052178, 0.054982
1695, 0.052493, 0.055250
1696, 0.044970, 0.049458
1697, 0.061217, 0.055642
1698, 0.052142, 0.055783
1699, 0.051938, 0.055718
1700, 0.051675, 0.055417
1701, 0.052595, 0.055985
1702, 0.051983, 0.055550
1703, 0.052573, 0.056512
1704, 0.050748, 0.054912
1705, 0.052238, 0.056292
1706, 0.051957, 0.056652
1707, 0.056403, 0.057260
1708, 0.051228, 0.056273
1709, 0.052355, 0.057275
1710, 0.052425, 0.056703
1711, 0.052393, 0.057463
1712, 0.048577, 0.054967
1713, 0.052895, 0.057500
1714, 0.052385, 0.057022
1715, 0.053083, 0.057702
1716, 0.052000, 0.057210
1717, 0.052487, 0.057727
1718, 0.052257, 0.057643
1719, 0.052488, 0.058225
1720, 0.050563, 0.056485
1721, 0.052582, 0.058048
1722, 0.052435, 0.057018
1723, 0.052433, 0.057610
1724, 0.051995, 0.056770
1725, 0.052818, 0.057417
1726, 0.052340, 0.057017
1727, 0.052665, 0.066867
1728, 0.045395, 0.050818
1729, 0.053518, 0.057357
1730, 0.053780, 0.057415
1731, 0.054372, 0.057192
1732, 0.052867, 0.056823
1733, 0.054048, 0.057727
1734, 0.054078, 0.057518
1735, 0.053662, 0.057242
1736, 0.052060, 0.056152
1737, 0.054008, 0.059877
1738, 0.053403, 0.057268
1739, 0.053978, 0.057777
1740, 0.053198, 0.057050
1741, 0.053445, 0.058223
1742, 0.053785, 0.057918
1743, 0.054003, 0.057827
1744, 0.049732, 0.055330
1745, 0.054228, 0.058158
1746, 0.053817, 0.057765
1747, 0.053745, 0.057995
1748, 0.053517, 0.057352
1749, 0.055017, 0.061085
1750, 0.054852, 0.058272
1751, 0.054708, 0.058090
1752, 0.052507, 0.056672
1753, 0.054115, 0.058525
1754, 0.054043, 0.057508
1755, 0.054005, 0.058275
1756, 0.053065, 0.057412
1757, 0.053910, 0.058337
1758, 0.053950, 0.057522
1759, 0.054273, 0.058720
1760, 0.046565, 0.052175
1761, 0.054150, 0.058217
1762, 0.054045, 0.058527
1763, 0.054135, 0.058427
1764, 0.053395, 0.058067
1765, 0.053858, 0.058722
1766, 0.053647, 0.058198
1767, 0.053853, 0.057582
1768, 0.060185, 0.056848
1769, 0.053553, 0.058347
1770, 0.053665, 0.057763
1771, 0.053647, 0.058730
1772, 0.052940, 0.057932
1773, 0.053723, 0.058140
1774, 0.053598, 0.058547
1775, 0.053880, 0.058652
1776, 0.049730, 0.056168
1777, 0.053653, 0.058617
1778, 0.056633, 0.058137
1779, 0.053410, 0.058773
1780, 0.053083, 0.058610
1781, 0.053767, 0.058787
1782, 0.053232, 0.058742
1783, 0.053722, 0.058900
1784, 0.052318, 0.057355
1785, 0.053448, 0.058897
1786, 0.053635, 0.058552
1787, 0.053702, 0.059122
1788, 0.053395, 0.058038
1789, 0.053888, 0.059388
1790, 0.053513, 0.057672
1791, 0.053393, 0.058645
1792, 0.046752, 0.052628
1793, 0.055397, 0.058937
1794, 0.054932, 0.059007
1795, 0.055770, 0.059072
1796, 0.054980, 0.058160
1797, 0.055437, 0.058772
1798, 0.055570, 0.067432
1799, 0.055415, 0.058668
1800, 0.053757, 0.057577
1801, 0.055672, 0.059192
1802, 0.055340, 0.058713
1803, 0.055273, 0.059595
1804, 0.055003, 0.058882
1805, 0.055525, 0.059255
1806, 0.055318, 0.059658
1807, 0.055497, 0.059588
1808, 0.051182, 0.060423
1809, 0.055727, 0.059792
1810, 0.055360, 0.059102
1811, 0.055240, 0.059940
1812, 0.054895, 0.059865
1813, 0.055585, 0.059920
1814, 0.055442, 0.060565
1815, 0.055577, 0.060245
1816, 0.053927, 0.058900
1817, 0.055363, 0.060290
1818, 0.055633, 0.059888
1819, 0.055568, 0.059940
1820, 0.054633, 0.059673
1821, 0.055675, 0.060398
1822, 0.055360, 0.059738
1823, 0.055895, 0.060050
1824, 0.048085, 0.053863
1825, 0.055892, 0.060222
1826, 0.055515, 0.060602
1827, 0.056002, 0.060667
1828, 0.054777, 0.060247
1829, 0.055845, 0.060803
1830, 0.055800, 0.060617
1831, 0.055890, 0.060800
1832, 0.054173, 0.059253
1833, 0.056052, 0.060617
1834, 0.055490, 0.060623
1835, 0.056210, 0.061627
1836, 0.055232, 0.060383
1837, 0.055852, 0.061080
1838, 0.055793, 0.061322
1839, 0.063995, 0.061113
1840, 0.051562, 0.059245
1841, 0.056043, 0.061290
1842, 0.055532, 0.061220
1843, 0.056102, 0.061237
1844, 0.055247, 0.060923
1845, 0.055865, 0.061163
1846, 0.056067, 0.060907
1847, 0.056315, 0.061050
1848, 0.053867, 0.060190
1849, 0.059017, 0.061788
1850, 0.055802, 0.060368
1851, 0.055958, 0.061285
1852, 0.055572, 0.060467
1853, 0.056017, 0.060883
1854, 0.055702, 0.060772
1855, 0.056442, 0.061305
1856, 0.047993, 0.054402
1857, 0.057617, 0.061915
1858, 0.057655, 0.061553
1859, 0.057063, 0.061620
1860, 0.056728, 0.061080
1861, 0.057663, 0.061863
1862, 0.057060, 0.061470
1863, 0.057852, 0.062038
1864, 0.055315, 0.060878
1865, 0.057702, 0.062907
1866, 0.057805, 0.061943
1867, 0.057613, 0.062068
1868, 0.056662, 0.061242
1869, 0.057650, 0.062217
1870, 0.056792, 0.061810
1871, 0.057455, 0.061988
1872, 0.052495, 0.059808
1873, 0.057042, 0.062020
1874, 0.057012, 0.062150
1875, 0.057128, 0.061862
1876, 0.056417, 0.061493
1877, 0.057823, 0.062300
1878, 0.057782, 0.196590
1879, 0.057830, 0.072030
1880, 0.057202, 0.107715
1881, 0.058692, 0.064172
1882, 0.134800, 0.063040
1883, 0.057963, 0.064980
1884, 0.057685, 0.062372
1885, 0.057920, 0.063437
1886, 0.058505, 0.063227
1887, 0.056882, 0.062557
1888, 0.048368, 0.054712
1889, 0.057010, 0.061643
1890, 0.056978, 0.063390
1891, 0.056652, 0.062127
1892, 0.056565, 0.062008
1893, 0.057188, 0.062500
1894, 0.058565, 0.062950
1895, 0.057480, 0.063077
1896, 0.055043, 0.061157
1897, 0.057370, 0.062495
1898, 0.057418, 0.062590
1899, 0.057632, 0.062557
1900, 0.056615, 0.062693
1901, 0.057967, 0.062977
1902, 0.057125, 0.062993
1903, 0.057352, 0.063745
1904, 0.052503, 0.061138
1905, 0.057060, 0.063407
1906, 0.057153, 0.063270
1907, 0.057407, 0.063450
1908, 0.056233, 0.062987
1909, 0.057677, 0.063117
1910, 0.056923, 0.062982
1911, 0.057637, 0.063275
1912, 0.055487, 0.061900
1913, 0.057492, 0.063165
1914, 0.056895, 0.063003
1915, 0.057613, 0.063550
1916, 0.056198, 0.063540
1917, 0.059142, 0.066342
1918, 0.057483, 0.063685
1919, 0.057418, 0.064477
1920, 0.048870, 0.055722
1921, 0.059677, 0.063830
1922, 0.059605, 0.063592
1923, 0.060055, 0.063957
1924, 0.058358, 0.062748
1925, 0.060105, 0.063635
1926, 0.059882, 0.063173
1927, 0.059868, 0.063573
1928, 0.057722, 0.061645
1929, 0.059850, 0.062673
1930, 0.068635, 0.063063
1931, 0.059892, 0.063395
1932, 0.058770, 0.062553
1933, 0.060113, 0.063197
1934, 0.059442, 0.062408
1935, 0.059905, 0.062887
1936, 0.054683, 0.060528
1937, 0.059780, 0.063078
1938, 0.059693, 0.063228
1939, 0.060118, 0.063302
1940, 0.060605, 0.062993
1941, 0.060017, 0.063628
1942, 0.059605, 0.063097
1943, 0.059915, 0.063705
1944, 0.057893, 0.062902
1945, 0.060007, 0.063842
1946, 0.059715, 0.063295
1947, 0.059785, 0.063742
1948, 0.058917, 0.063227
1949, 0.060035, 0.064253
1950, 0.059802, 0.062992
1951, 0.060028, 0.064203
1952, 0.050157, 0.056587
1953, 0.059722, 0.063723
1954, 0.059813, 0.064383
1955, 0.059935, 0.064222
1956, 0.058920, 0.064057
1957, 0.060187, 0.065097
1958, 0.059943, 0.064468
1959, 0.060152, 0.065027
1960, 0.057782, 0.063507
1961, 0.060400, 0.064703
1962, 0.060005, 0.064223
1963, 0.060120, 0.064585
1964, 0.058892, 0.063540
1965, 0.060193, 0.064610
1966, 0.060083, 0.063833
1967, 0.060140, 0.064113
1968, 0.054587, 0.062062
1969, 0.060260, 0.064533
1970, 0.060437, 0.072373
1971, 0.060603, 0.064255
1972, 0.059087, 0.063840
1973, 0.060952, 0.064743
1974, 0.060550, 0.064188
1975, 0.061265, 0.065152
1976, 0.058143, 0.063195
1977, 0.060560, 0.065008
1978, 0.060420, 0.064295
1979, 0.060718, 0.065597
1980, 0.059365, 0.064485
1981, 0.060838, 0.065763
1982, 0.060360, 0.063915
1983, 0.060930, 0.065673
1984, 0.049857, 0.057023
1985, 0.061943, 0.066457
1986, 0.061912, 0.065568
1987, 0.061908, 0.066103
1988, 0.060893, 0.065158
1989, 0.062487, 0.066463
1990, 0.061860, 0.066328
1991, 0.062127, 0.067175
1992, 0.059672, 0.065160
1993, 0.061652, 0.067803
1994, 0.062038, 0.067042
1995, 0.061920, 0.067427
1996, 0.061152, 0.066668
1997, 0.062355, 0.067167
1998, 0.061462, 0.066903
1999, 0.062183, 0.066913
