1, 128, 0, 0
32, 0.055592, 0.122592
35, 0.165987, 0.056693
38, 0.052025, 0.173835
41, 0.088097, 0.092012
44, 0.052442, 0.097813
47, 0.061465, 0.055262
50, 0.079880, 0.108155
53, 0.054812, 0.053050
56, 0.052978, 0.051125
59, 0.055043, 0.055488
62, 0.062032, 0.056853
65, 0.054312, 0.059887
68, 0.053647, 0.048150
71, 0.037540, 0.037435
74, 0.037527, 0.038288
77, 0.042088, 0.040915
80, 0.043058, 0.039630
83, 0.037575, 0.037383
86, 0.040463, 0.039798
89, 0.035647, 0.036687
92, 0.046662, 0.042200
95, 0.044218, 0.033010
98, 0.037998, 0.032918
101, 0.040778, 0.039493
104, 0.040652, 0.057348
107, 0.041227, 0.046590
110, 0.040482, 0.046822
113, 0.039522, 0.048770
116, 0.037230, 0.047220
119, 0.037967, 0.050145
122, 0.039287, 0.062732
125, 0.040533, 0.052842
128, 0.038517, 0.050188
131, 0.038758, 0.053913
134, 0.032940, 0.057137
137, 0.038695, 0.048217
140, 0.040882, 0.044872
143, 0.042167, 0.047483
146, 0.037980, 0.047490
149, 0.045797, 0.049430
152, 0.038862, 0.058578
155, 0.045210, 0.050870
158, 0.041633, 0.085458
161, 0.044648, 0.052805
164, 0.041173, 0.056552
167, 0.039887, 0.053615
170, 0.050023, 0.046652
173, 0.042085, 0.058405
176, 0.040755, 0.186043
179, 0.041772, 0.048493
182, 0.048093, 0.052838
185, 0.059332, 0.049700
188, 0.122300, 0.047775
191, 0.041165, 0.050712
194, 0.046085, 0.059888
197, 0.041932, 0.061873
200, 0.040250, 0.058945
203, 0.032937, 0.062787
206, 0.037938, 0.062782
209, 0.039150, 0.064782
212, 0.040745, 0.061678
215, 0.047902, 0.065928
218, 0.037550, 0.065842
221, 0.037417, 0.061492
224, 0.031663, 0.054622
227, 0.052123, 0.059153
230, 0.051713, 0.059038
233, 0.052087, 0.128567
236, 0.037135, 0.057625
239, 0.037125, 0.061613
242, 0.040002, 0.061338
245, 0.058493, 0.063322
248, 0.037292, 0.058765
251, 0.051810, 0.056153
254, 0.052507, 0.055763
257, 0.051243, 0.057513
260, 0.051578, 0.114437
263, 0.036960, 0.058173
266, 0.036840, 0.058070
269, 0.038060, 0.059908
272, 0.036848, 0.058042
275, 0.036730, 0.060218
278, 0.031947, 0.053638
281, 0.037293, 0.055285
284, 0.040777, 0.055732
287, 0.044690, 0.056195
290, 0.037737, 0.055653
293, 0.037512, 0.057272
296, 0.037458, 0.055263
299, 0.038630, 0.058082
302, 0.037522, 0.057602
305, 0.037393, 0.059327
308, 0.032327, 0.054450
311, 0.054890, 0.056857
314, 0.037223, 0.056748
317, 0.037642, 0.058023
320, 0.037342, 0.056977
323, 0.037327, 0.058543
326, 0.037218, 0.058723
329, 0.037292, 0.061905
332, 0.047113, 0.057765
335, 0.037298, 0.060833
338, 0.042038, 0.057518
341, 0.037265, 0.059158
344, 0.037035, 0.057132
347, 0.038392, 0.059650
350, 0.037278, 0.059370
353, 0.037147, 0.060943
356, 0.039587, 0.059448
359, 0.042603, 0.061330
362, 0.039598, 0.061337
365, 0.039610, 0.062383
368, 0.034262, 0.059700
371, 0.054852, 0.061798
374, 0.039682, 0.061212
377, 0.039612, 0.062180
380, 0.039638, 0.060022
383, 0.039533, 0.062943
386, 0.039540, 0.062707
389, 0.042602, 0.064015
392, 0.039587, 0.062378
395, 0.039780, 0.061768
398, 0.043632, 0.060775
401, 0.039642, 0.062413
404, 0.039518, 0.062060
407, 0.039243, 0.062585
410, 0.039688, 0.062910
413, 0.039517, 0.063540
416, 0.039442, 0.063925
419, 0.039775, 0.064535
422, 0.039675, 0.064032
425, 0.038825, 0.061625
428, 0.049130, 0.060035
431, 0.039572, 0.062595
434, 0.039558, 0.062712
437, 0.039533, 0.063813
440, 0.040580, 0.062860
443, 0.039648, 0.064048
446, 0.039523, 0.063900
449, 0.041748, 0.065315
452, 0.039643, 0.062787
455, 0.033807, 0.062307
458, 0.055070, 0.072075
461, 0.055192, 0.102820
464, 0.039608, 0.064613
467, 0.039623, 0.064343
470, 0.039617, 0.063910
473, 0.039548, 0.065145
476, 0.042362, 0.063340
479, 0.040125, 0.065587
482, 0.040035, 0.065665
485, 0.039915, 0.066322
488, 0.040180, 0.068465
491, 0.040017, 0.067152
494, 0.040645, 0.067065
497, 0.040498, 0.068017
500, 0.040327, 0.069542
503, 0.040570, 0.068465
506, 0.043385, 0.068553
509, 0.041357, 0.069917
512, 0.040293, 0.040290
515, 0.040225, 0.041845
518, 0.040225, 0.051953
521, 0.040160, 0.043615
524, 0.040833, 0.041485
527, 0.041355, 0.042002
530, 0.041315, 0.043145
533, 0.041587, 0.042437
536, 0.044205, 0.041693
539, 0.041385, 0.043150
542, 0.042187, 0.042515
545, 0.041273, 0.042830
548, 0.045665, 0.042808
551, 0.056453, 0.044987
554, 0.041463, 0.043392
557, 0.041240, 0.043545
560, 0.040780, 0.042335
563, 0.042207, 0.048168
566, 0.041218, 0.044277
569, 0.040940, 0.044282
572, 0.040755, 0.043990
575, 0.042072, 0.045117
578, 0.040998, 0.045073
581, 0.050990, 0.045935
584, 0.040812, 0.045850
587, 0.041440, 0.046367
590, 0.042117, 0.046300
593, 0.040567, 0.048520
596, 0.041917, 0.046088
599, 0.040345, 0.047497
602, 0.040632, 0.047720
605, 0.040640, 0.047658
608, 0.040875, 0.046030
611, 0.041128, 0.057570
614, 0.040588, 0.048067
617, 0.041865, 0.048568
620, 0.040588, 0.048808
623, 0.043907, 0.049268
626, 0.040742, 0.049522
629, 0.040840, 0.048768
632, 0.040457, 0.048128
635, 0.040390, 0.049632
638, 0.041597, 0.049473
641, 0.040795, 0.056612
644, 0.040560, 0.049602
647, 0.049667, 0.048913
650, 0.041267, 0.049155
653, 0.045530, 0.050665
656, 0.043133, 0.049215
659, 0.040648, 0.052003
662, 0.040635, 0.050710
665, 0.040690, 0.051642
668, 0.041980, 0.051417
671, 0.041632, 0.054793
674, 0.040987, 0.052105
677, 0.040830, 0.052160
680, 0.040995, 0.051180
683, 0.043890, 0.053300
686, 0.041090, 0.053417
689, 0.041070, 0.053373
692, 0.041070, 0.053070
695, 0.041165, 0.053797
698, 0.042402, 0.054057
701, 0.041288, 0.054467
704, 0.050675, 0.052097
707, 0.041542, 0.054980
710, 0.041653, 0.054992
713, 0.041513, 0.055142
716, 0.041993, 0.055493
719, 0.041633, 0.056155
722, 0.041918, 0.055893
725, 0.042378, 0.056825
728, 0.042475, 0.055575
731, 0.042480, 0.057063
734, 0.049443, 0.057965
737, 0.043863, 0.058010
740, 0.043105, 0.057407
743, 0.042967, 0.058203
746, 0.043712, 0.058505
749, 0.043670, 0.059410
752, 0.042973, 0.056497
755, 0.043768, 0.059287
758, 0.043948, 0.059285
761, 0.043833, 0.059460
764, 0.044363, 0.067430
767, 0.044027, 0.060292
770, 0.044777, 0.060308
773, 0.044713, 0.061337
776, 0.044597, 0.059750
779, 0.044745, 0.061243
782, 0.045170, 0.061867
785, 0.045300, 0.061767
788, 0.045177, 0.060835
791, 0.045470, 0.062273
794, 0.045783, 0.063308
797, 0.046002, 0.061947
800, 0.045497, 0.059663
803, 0.046772, 0.062903
806, 0.046667, 0.062458
809, 0.046910, 0.063527
812, 0.046950, 0.063003
815, 0.047035, 0.063258
818, 0.047160, 0.064088
821, 0.047570, 0.064102
824, 0.046982, 0.062213
827, 0.047542, 0.064808
830, 0.050062, 0.064500
833, 0.047958, 0.064438
836, 0.047937, 0.064250
839, 0.048397, 0.065630
842, 0.048198, 0.064208
845, 0.048660, 0.065455
848, 0.046988, 0.062327
851, 0.048718, 0.065712
854, 0.048790, 0.066057
857, 0.049032, 0.066475
860, 0.048585, 0.066015
863, 0.049402, 0.066885
866, 0.049380, 0.067060
869, 0.049400, 0.067658
872, 0.048843, 0.066180
875, 0.049752, 0.068165
878, 0.050232, 0.069378
881, 0.051732, 0.070475
884, 0.050447, 0.068102
887, 0.050368, 0.071813
890, 0.050147, 0.069655
893, 0.050623, 0.069358
896, 0.046222, 0.066830
899, 0.051705, 0.069652
902, 0.051552, 0.069897
905, 0.051975, 0.070488
908, 0.051462, 0.069303
911, 0.052080, 0.071040
914, 0.052330, 0.071893
917, 0.052705, 0.071053
920, 0.051872, 0.069738
923, 0.053272, 0.071745
926, 0.053332, 0.072067
929, 0.053902, 0.072185
932, 0.053210, 0.071493
935, 0.054407, 0.072673
938, 0.054360, 0.072370
941, 0.054320, 0.072528
944, 0.051627, 0.070515
947, 0.065082, 0.073457
950, 0.054482, 0.073792
953, 0.055083, 0.074902
956, 0.054542, 0.074595
959, 0.055512, 0.075907
962, 0.060717, 0.076010
965, 0.055318, 0.076298
968, 0.054197, 0.074235
971, 0.055898, 0.076657
974, 0.055870, 0.076810
977, 0.059108, 0.077130
980, 0.055422, 0.077392
983, 0.056582, 0.078123
986, 0.056617, 0.077922
989, 0.057152, 0.078465
992, 0.049458, 0.074277
995, 0.057250, 0.079342
998, 0.057520, 0.079085
1001, 0.057533, 0.079392
1004, 0.057193, 0.081133
1007, 0.057925, 0.079705
1010, 0.057978, 0.080777
1013, 0.058023, 0.080790
1016, 0.056312, 0.080267
1019, 0.058310, 0.081528
1022, 0.058422, 0.081297
1025, 0.061213, 0.063782
1028, 0.059572, 0.062828
1031, 0.060708, 0.063763
1034, 0.060913, 0.064085
1037, 0.061262, 0.064082
1040, 0.057118, 0.061915
1043, 0.061148, 0.064625
1046, 0.061017, 0.064878
1049, 0.061938, 0.064175
1052, 0.061005, 0.064177
1055, 0.062252, 0.063865
1058, 0.062590, 0.064653
1061, 0.062923, 0.064420
1064, 0.062273, 0.064060
1067, 0.062945, 0.073677
1070, 0.062515, 0.065315
1073, 0.063185, 0.066315
1076, 0.062152, 0.065267
1079, 0.063200, 0.066588
1082, 0.063133, 0.065965
1085, 0.063363, 0.065783
1088, 0.051810, 0.059022
1091, 0.063695, 0.066142
1094, 0.063978, 0.065947
1097, 0.064173, 0.066480
1100, 0.063062, 0.066072
1103, 0.064862, 0.067077
1106, 0.064082, 0.066798
1109, 0.064668, 0.067955
1112, 0.062947, 0.066213
1115, 0.064377, 0.067297
1118, 0.064773, 0.071680
1121, 0.064993, 0.068792
1124, 0.064090, 0.067288
1127, 0.065277, 0.067395
1130, 0.064732, 0.067902
1133, 0.065410, 0.068870
1136, 0.062140, 0.065983
1139, 0.065393, 0.070288
1142, 0.065015, 0.069957
1145, 0.065265, 0.069127
1148, 0.065187, 0.069440
1151, 0.065802, 0.068855
1154, 0.067842, 0.068903
1157, 0.068302, 0.070833
1160, 0.066210, 0.070767
1163, 0.069112, 0.072802
1166, 0.068605, 0.071513
1169, 0.069253, 0.071075
1172, 0.068548, 0.071993
1175, 0.069118, 0.073540
1178, 0.068613, 0.072502
1181, 0.069503, 0.072897
1184, 0.054818, 0.066710
1187, 0.068622, 0.071452
1190, 0.068455, 0.072515
1193, 0.068925, 0.072685
1196, 0.068393, 0.073687
1199, 0.070065, 0.073217
1202, 0.069460, 0.072437
1205, 0.070503, 0.072247
1208, 0.068588, 0.072527
1211, 0.070612, 0.073565
1214, 0.070618, 0.072303
1217, 0.070267, 0.073195
1220, 0.069147, 0.074540
1223, 0.070428, 0.074050
1226, 0.070215, 0.074667
1229, 0.070558, 0.073628
1232, 0.067302, 0.072153
1235, 0.070842, 0.073862
1238, 0.070993, 0.076565
1241, 0.070857, 0.073805
1244, 0.070165, 0.074452
1247, 0.071257, 0.074032
1250, 0.070887, 0.075485
1253, 0.071247, 0.075142
1256, 0.069492, 0.073697
1259, 0.071940, 0.075835
1262, 0.071642, 0.075360
1265, 0.072073, 0.076255
1268, 0.071370, 0.075397
1271, 0.072055, 0.076110
1274, 0.071837, 0.075327
1277, 0.075778, 0.075742
1280, 0.058117, 0.069025
1283, 0.075290, 0.075627
1286, 0.075305, 0.077322
1289, 0.136118, 0.075518
1292, 0.074562, 0.083887
1295, 0.075303, 0.076612
1298, 0.075248, 0.076475
1301, 0.180485, 0.078052
1304, 0.073657, 0.076987
1307, 0.076852, 0.203332
1310, 0.187708, 0.077315
1313, 0.078478, 0.102375
1316, 0.076717, 0.131868
1319, 0.114358, 0.081203
1322, 0.080768, 0.082848
1325, 0.081205, 0.082555
1328, 0.076798, 0.184277
1331, 0.080913, 0.082238
1334, 0.077608, 0.081490
1337, 0.175567, 0.079705
1340, 0.077548, 0.079890
1343, 0.169887, 0.080755
1346, 0.079548, 0.201220
1349, 0.078043, 0.080647
1352, 0.075675, 0.078307
1355, 0.077882, 0.081155
1358, 0.077675, 0.081023
1361, 0.078165, 0.081528
1364, 0.077730, 0.081238
1367, 0.078278, 0.082433
1370, 0.204425, 0.082350
1373, 0.078153, 0.083112
1376, 0.062018, 0.072923
1379, 0.078573, 0.082567
1382, 0.078035, 0.082292
1385, 0.079053, 0.083155
1388, 0.077993, 0.082910
1391, 0.078905, 0.082623
1394, 0.079047, 0.082762
1397, 0.079360, 0.083207
1400, 0.077010, 0.081722
1403, 0.079700, 0.083445
1406, 0.078723, 0.082348
1409, 0.082147, 0.084297
1412, 0.081585, 0.083020
1415, 0.083062, 0.084033
1418, 0.083077, 0.084192
1421, 0.083083, 0.084847
1424, 0.078193, 0.081072
1427, 0.083423, 0.085278
1430, 0.082685, 0.085052
1433, 0.083867, 0.090408
1436, 0.202553, 0.084778
1439, 0.083458, 0.085283
1442, 0.083618, 0.122383
1445, 0.083353, 0.086907
1448, 0.081607, 0.176827
1451, 0.083783, 0.142508
1454, 0.187725, 0.087023
1457, 0.083280, 0.087525
1460, 0.180518, 0.087172
1463, 0.083318, 0.088878
1466, 0.083367, 0.088333
1469, 0.083712, 0.088758
1472, 0.066595, 0.079313
1475, 0.082950, 0.147525
1478, 0.084058, 0.089375
1481, 0.083700, 0.088972
1484, 0.084052, 0.158262
1487, 0.083902, 0.088447
1490, 0.083640, 0.089112
1493, 0.084978, 0.170608
1496, 0.082822, 0.089008
1499, 0.083500, 0.090042
1502, 0.083790, 0.089267
1505, 0.083615, 0.090743
1508, 0.083610, 0.089555
1511, 0.084052, 0.090952
1514, 0.083618, 0.091117
1517, 0.084077, 0.091705
1520, 0.080693, 0.088262
1523, 0.084863, 0.091737
1526, 0.149862, 0.090597
1529, 0.085328, 0.090605
1532, 0.084405, 0.090032
1535, 0.086202, 0.089790
1538, 0.088423, 0.090868
1541, 0.089903, 0.091612
1544, 0.086603, 0.090375
1547, 0.089492, 0.091603
1550, 0.190047, 0.091723
1553, 0.088948, 0.092703
1556, 0.087737, 0.091875
1559, 0.089090, 0.096033
1562, 0.089028, 0.092897
1565, 0.089698, 0.093542
1568, 0.070997, 0.081690
1571, 0.089852, 0.093803
1574, 0.089350, 0.092992
1577, 0.090000, 0.093580
1580, 0.088568, 0.092982
1583, 0.090152, 0.093973
1586, 0.089392, 0.094697
1589, 0.089823, 0.094192
1592, 0.092490, 0.092755
1595, 0.090353, 0.094460
1598, 0.090162, 0.094238
1601, 0.090580, 0.095472
1604, 0.115972, 0.094322
1607, 0.090628, 0.095725
1610, 0.090220, 0.174685
1613, 0.090717, 0.096583
1616, 0.086095, 0.092470
1619, 0.091578, 0.096747
1622, 0.091032, 0.113663
1625, 0.091513, 0.096548
1628, 0.110387, 0.096082
1631, 0.091457, 0.096157
1634, 0.094635, 0.143427
1637, 0.092658, 0.097888
1640, 0.089932, 0.095147
1643, 0.092115, 0.209505
1646, 0.092335, 0.099070
1649, 0.193320, 0.099062
1652, 0.091287, 0.098362
1655, 0.176478, 0.098533
1658, 0.092740, 0.098888
1661, 0.092317, 0.099252
1664, 0.075297, 0.087218
1667, 0.096397, 0.099873
1670, 0.199350, 0.098555
1673, 0.096403, 0.099697
1676, 0.095347, 0.098562
1679, 0.096792, 0.099988
1682, 0.139600, 0.100353
1685, 0.096890, 0.100963
1688, 0.094465, 0.098745
1691, 0.096945, 0.101345
1694, 0.096980, 0.100047
1697, 0.182318, 0.101392
1700, 0.096352, 0.100478
1703, 0.097998, 0.101215
1706, 0.097880, 0.101962
1709, 0.097730, 0.102712
1712, 0.092500, 0.097570
1715, 0.097950, 0.103172
1718, 0.097813, 0.101908
1721, 0.098613, 0.102858
1724, 0.097212, 0.102188
1727, 0.098978, 0.102648
1730, 0.098258, 0.103473
1733, 0.098642, 0.104085
1736, 0.096252, 0.100847
1739, 0.098457, 0.105228
1742, 0.098840, 0.103693
1745, 0.099287, 0.104892
1748, 0.098288, 0.109647
1751, 0.226327, 0.106497
1754, 0.100807, 0.106522
1757, 0.101073, 0.108332
1760, 0.079048, 0.093905
1763, 0.100535, 0.107790
1766, 0.102980, 0.105310
1769, 0.156890, 0.106250
1772, 0.098935, 0.105177
1775, 0.100075, 0.221293
1778, 0.104773, 0.107377
1781, 0.101708, 0.108058
1784, 0.098912, 0.106205
1787, 0.101490, 0.107622
1790, 0.119547, 0.106260
1793, 0.104960, 0.107668
1796, 0.103618, 0.105488
1799, 0.105705, 0.203270
1802, 0.104523, 0.106623
1805, 0.105678, 0.160318
1808, 0.100045, 0.103053
1811, 0.105462, 0.108838
1814, 0.104812, 0.163882
1817, 0.106157, 0.110320
1820, 0.151312, 0.108658
1823, 0.108522, 0.162420
1826, 0.174727, 0.108053
1829, 0.107738, 0.109595
1832, 0.105175, 0.106433
1835, 0.108432, 0.109182
1838, 0.106860, 0.109887
1841, 0.107745, 0.110107
1844, 0.105770, 0.109715
1847, 0.107077, 0.110188
1850, 0.106497, 0.108795
1853, 0.107215, 0.110092
1856, 0.082825, 0.185217
1859, 0.231285, 0.111907
1862, 0.108080, 0.200660
1865, 0.108523, 0.111650
1868, 0.107498, 0.110935
1871, 0.107503, 0.111670
1874, 0.107575, 0.110848
1877, 0.108868, 0.111642
1880, 0.104930, 0.109317
1883, 0.108672, 0.111373
1886, 0.108543, 0.112537
1889, 0.108678, 0.113098
1892, 0.106652, 0.111005
1895, 0.108455, 0.113043
1898, 0.107705, 0.113015
1901, 0.109150, 0.113045
1904, 0.103192, 0.109252
1907, 0.118515, 0.114727
1910, 0.108605, 0.113503
1913, 0.110160, 0.113835
1916, 0.107767, 0.112805
1919, 0.109578, 0.113312
1922, 0.113933, 0.115625
1925, 0.114655, 0.114615
1928, 0.110988, 0.111117
1931, 0.114720, 0.114950
1934, 0.113892, 0.114867
1937, 0.115327, 0.115805
1940, 0.113897, 0.114717
1943, 0.115420, 0.116108
1946, 0.114935, 0.115600
1949, 0.115722, 0.115357
1952, 0.087222, 0.101860
1955, 0.116042, 0.115900
1958, 0.115753, 0.115888
1961, 0.116762, 0.117220
1964, 0.114430, 0.115578
1967, 0.116022, 0.117242
1970, 0.116103, 0.118432
1973, 0.214375, 0.118957
1976, 0.112792, 0.114805
1979, 0.116757, 0.118023
1982, 0.116932, 0.117198
1985, 0.116865, 0.117762
1988, 0.114790, 0.117110
1991, 0.117303, 0.119380
1994, 0.117328, 0.118880
1997, 0.116535, 0.119208
