0, 128, 0, 0
32, 0.082345, 0.060738
33, 0.226020, 0.065217
34, 0.065995, 0.070410
35, 0.047130, 0.042815
36, 0.033520, 0.033493
37, 0.041032, 0.071778
38, 0.046853, 0.063808
39, 0.039578, 0.066762
40, 0.043538, 0.061922
41, 0.081782, 0.068178
42, 0.049268, 0.064060
43, 0.042140, 0.068442
44, 0.039885, 0.062932
45, 0.037753, 0.069702
46, 0.037610, 0.046687
47, 0.032167, 0.051850
48, 0.056592, 0.055548
49, 0.057483, 0.052543
50, 0.056728, 0.053763
51, 0.056268, 0.052893
52, 0.065783, 0.053378
53, 0.081265, 0.053095
54, 0.058300, 0.052055
55, 0.056313, 0.074995
56, 0.052212, 0.065903
57, 0.052393, 0.096272
58, 0.037743, 0.068363
59, 0.037477, 0.072122
60, 0.037543, 0.067022
61, 0.037498, 0.073453
62, 0.037292, 0.075525
63, 0.039905, 0.073623
64, 0.042058, 0.037567
65, 0.037868, 0.037227
66, 0.037913, 0.036962
67, 0.038477, 0.037070
68, 0.037940, 0.037227
69, 0.037880, 0.036900
70, 0.037565, 0.036880
71, 0.038717, 0.036932
72, 0.037815, 0.049078
73, 0.038855, 0.033743
74, 0.033448, 0.033678
75, 0.042800, 0.035337
76, 0.033047, 0.045495
77, 0.038390, 0.044562
78, 0.038282, 0.044682
79, 0.038080, 0.054542
80, 0.039175, 0.042565
81, 0.038292, 0.044853
82, 0.037772, 0.053860
83, 0.040203, 0.045102
84, 0.037738, 0.043145
85, 0.038510, 0.045628
86, 0.038197, 0.045873
87, 0.038047, 0.045927
88, 0.039513, 0.037708
89, 0.037148, 0.038308
90, 0.037535, 0.038467
91, 0.037758, 0.038978
92, 0.041568, 0.039395
93, 0.050613, 0.039242
94, 0.043440, 0.043722
95, 0.037660, 0.039128
96, 0.038130, 0.037325
97, 0.101957, 0.175675
98, 0.034480, 0.048762
99, 0.033880, 0.219655
100, 0.038087, 0.046233
101, 0.036532, 0.051910
102, 0.108575, 0.049915
103, 0.055062, 0.050695
104, 0.042865, 0.045787
105, 0.042763, 0.048280
106, 0.049043, 0.045945
107, 0.052090, 0.049588
108, 0.041205, 0.033995
109, 0.033613, 0.033970
110, 0.039055, 0.051250
111, 0.043662, 0.043345
112, 0.050032, 0.045642
113, 0.051547, 0.064933
114, 0.053560, 0.048402
115, 0.048913, 0.048262
116, 0.081258, 0.092048
117, 0.092923, 0.100087
118, 0.087610, 0.092528
119, 0.100275, 0.150848
120, 0.092272, 0.091380
121, 0.116087, 0.094912
122, 0.091220, 0.056372
123, 0.055488, 0.059903
124, 0.046233, 0.039602
125, 0.043787, 0.040737
126, 0.044293, 0.039472
127, 0.046035, 0.039617
128, 0.044923, 0.040730
129, 0.041193, 0.047255
130, 0.033767, 0.038955
131, 0.055657, 0.047113
132, 0.050457, 0.038555
133, 0.039198, 0.039290
134, 0.048983, 0.039117
135, 0.040508, 0.039805
136, 0.042273, 0.038093
137, 0.045237, 0.041992
138, 0.039230, 0.040057
139, 0.042477, 0.040202
140, 0.039373, 0.038977
141, 0.039227, 0.043832
142, 0.033642, 0.036018
143, 0.056355, 0.054878
144, 0.065837, 0.079003
145, 0.039370, 0.039312
146, 0.040697, 0.037930
147, 0.040582, 0.045640
148, 0.054453, 0.044703
149, 0.049708, 0.040227
150, 0.045662, 0.038463
151, 0.046110, 0.039600
152, 0.041290, 0.040040
153, 0.059277, 0.056500
154, 0.057835, 0.067417
155, 0.057538, 0.056930
156, 0.057963, 0.057212
157, 0.057330, 0.056448
158, 0.057462, 0.081098
159, 0.040397, 0.042093
160, 0.041082, 0.040092
161, 0.048407, 0.049482
162, 0.067190, 0.049420
163, 0.040342, 0.049537
164, 0.040332, 0.054603
165, 0.040053, 0.049267
166, 0.040363, 0.049193
167, 0.040297, 0.049577
168, 0.041267, 0.046693
169, 0.040745, 0.050235
170, 0.040330, 0.050112
171, 0.043503, 0.049652
172, 0.034870, 0.043618
173, 0.040602, 0.044473
174, 0.040628, 0.053668
175, 0.041628, 0.044740
176, 0.040562, 0.041760
177, 0.040607, 0.044868
178, 0.040788, 0.044800
179, 0.041600, 0.045325
180, 0.040378, 0.047680
181, 0.040513, 0.045522
182, 0.040723, 0.045822
183, 0.040310, 0.041045
184, 0.040150, 0.047348
185, 0.050260, 0.040865
186, 0.042938, 0.040423
187, 0.040190, 0.040827
188, 0.040335, 0.039278
189, 0.040138, 0.040902
190, 0.041492, 0.043950
191, 0.040135, 0.041340
192, 0.040867, 0.039502
193, 0.040230, 0.043327
194, 0.040510, 0.044923
195, 0.044487, 0.042123
196, 0.040235, 0.039187
197, 0.040382, 0.042545
198, 0.040322, 0.040560
199, 0.040198, 0.040327
200, 0.043340, 0.039235
201, 0.040205, 0.041885
202, 0.040247, 0.041178
203, 0.040133, 0.041325
204, 0.040277, 0.039558
205, 0.041497, 0.051217
206, 0.040263, 0.043845
207, 0.034673, 0.039468
208, 0.057625, 0.057023
209, 0.057672, 0.056598
210, 0.060772, 0.057253
211, 0.057950, 0.057065
212, 0.057242, 0.056848
213, 0.058115, 0.056893
214, 0.058197, 0.067162
215, 0.070927, 0.077202
216, 0.066880, 0.067873
217, 0.066890, 0.066058
218, 0.067537, 0.066542
219, 0.067097, 0.077315
220, 0.050023, 0.045207
221, 0.046040, 0.048508
222, 0.046187, 0.045715
223, 0.046413, 0.055130
224, 0.040567, 0.058347
225, 0.066370, 0.150062
226, 0.057712, 0.052870
227, 0.046475, 0.051080
228, 0.046238, 0.047252
229, 0.046222, 0.051683
230, 0.047520, 0.051753
231, 0.046277, 0.052817
232, 0.046725, 0.040125
233, 0.040305, 0.052055
234, 0.046147, 0.046265
235, 0.046050, 0.046568
236, 0.057208, 0.047653
237, 0.058292, 0.047495
238, 0.046532, 0.046428
239, 0.045997, 0.052378
240, 0.046313, 0.046162
241, 0.046068, 0.046488
242, 0.051037, 0.040960
243, 0.040627, 0.052170
244, 0.045943, 0.046605
245, 0.045798, 0.045417
246, 0.045887, 0.058372
247, 0.045577, 0.045268
248, 0.045898, 0.046187
249, 0.045708, 0.050582
250, 0.045625, 0.045577
251, 0.045505, 0.045490
252, 0.046315, 0.049917
253, 0.040547, 0.040192
254, 0.049608, 0.045825
255, 0.045887, 0.045602
256, 0.046025, 0.058647
257, 0.049660, 0.044415
258, 0.049708, 0.044580
259, 0.053150, 0.044488
260, 0.050827, 0.045057
261, 0.051945, 0.044497
262, 0.049648, 0.044650
263, 0.053555, 0.082957
264, 0.048353, 0.045770
265, 0.048553, 0.044963
266, 0.049823, 0.044715
267, 0.059693, 0.044503
268, 0.048627, 0.045122
269, 0.054467, 0.044848
270, 0.048418, 0.044590
271, 0.048473, 0.046010
272, 0.051807, 0.055262
273, 0.052608, 0.054400
274, 0.052005, 0.053895
275, 0.052037, 0.055808
276, 0.052213, 0.054525
277, 0.064700, 0.053932
278, 0.053915, 0.054350
279, 0.052212, 0.054150
280, 0.052275, 0.054565
281, 0.053813, 0.054473
282, 0.051953, 0.054115
283, 0.052380, 0.053955
284, 0.053870, 0.054390
285, 0.052492, 0.053977
286, 0.052378, 0.054012
287, 0.066005, 0.054547
288, 0.053567, 0.059338
289, 0.053658, 0.063130
290, 0.053495, 0.054027
291, 0.053865, 0.054172
292, 0.053612, 0.055785
293, 0.053680, 0.054075
294, 0.053600, 0.053752
295, 0.053937, 0.055250
296, 0.053730, 0.054013
297, 0.053877, 0.066077
298, 0.054787, 0.058665
299, 0.054040, 0.053975
300, 0.054677, 0.054607
301, 0.055297, 0.053658
302, 0.053862, 0.053548
303, 0.053942, 0.053512
304, 0.054798, 0.055118
305, 0.053672, 0.053240
306, 0.053987, 0.053562
307, 0.055185, 0.065723
308, 0.058412, 0.054470
309, 0.053778, 0.056752
310, 0.053968, 0.053772
311, 0.053577, 0.052937
312, 0.053908, 0.056368
313, 0.053883, 0.053045
314, 0.054140, 0.053335
315, 0.053995, 0.054597
316, 0.054085, 0.053873
317, 0.053823, 0.053397
318, 0.072557, 0.053527
319, 0.053877, 0.053288
320, 0.052117, 0.054083
321, 0.060292, 0.052813
322, 0.058572, 0.052380
323, 0.058473, 0.052872
324, 0.059603, 0.053423
325, 0.059347, 0.048958
326, 0.058220, 0.049177
327, 0.058275, 0.049038
328, 0.058117, 0.046900
329, 0.058503, 0.049320
330, 0.058558, 0.049367
331, 0.058508, 0.049832
332, 0.058377, 0.047192
333, 0.059252, 0.051578
334, 0.058563, 0.050563
335, 0.058472, 0.050878
336, 0.058022, 0.048173
337, 0.058482, 0.052135
338, 0.058315, 0.051450
339, 0.058498, 0.051670
340, 0.058480, 0.048592
341, 0.058335, 0.050727
342, 0.058628, 0.052737
343, 0.058888, 0.051572
344, 0.058273, 0.049685
345, 0.059043, 0.051647
346, 0.058902, 0.051878
347, 0.058933, 0.054160
348, 0.058828, 0.060197
349, 0.058827, 0.052157
350, 0.058712, 0.051767
351, 0.058775, 0.051747
352, 0.053388, 0.049467
353, 0.063170, 0.049630
354, 0.063213, 0.049723
355, 0.063172, 0.049815
356, 0.063097, 0.047177
357, 0.063297, 0.049027
358, 0.063218, 0.054863
359, 0.063202, 0.049492
360, 0.063112, 0.046017
361, 0.063555, 0.048712
362, 0.063500, 0.048988
363, 0.063518, 0.049207
364, 0.063375, 0.046502
365, 0.063542, 0.050713
366, 0.063527, 0.050755
367, 0.063578, 0.050930
368, 0.062730, 0.050965
369, 0.063495, 0.051983
370, 0.063363, 0.052440
371, 0.063448, 0.052552
372, 0.063225, 0.048240
373, 0.063360, 0.055535
374, 0.063500, 0.050837
375, 0.063515, 0.051498
376, 0.063700, 0.050135
377, 0.063850, 0.078680
378, 0.063668, 0.053593
379, 0.085007, 0.052790
380, 0.063890, 0.049057
381, 0.063763, 0.052388
382, 0.063587, 0.052603
383, 0.063803, 0.052668
384, 0.058710, 0.056902
385, 0.068558, 0.061748
386, 0.068333, 0.063105
387, 0.068985, 0.061490
388, 0.068728, 0.069962
389, 0.072017, 0.059830
390, 0.068705, 0.070162
391, 0.073885, 0.068627
392, 0.070317, 0.060352
393, 0.070862, 0.061890
394, 0.069810, 0.084542
395, 0.069480, 0.063433
396, 0.069857, 0.063520
397, 0.069670, 0.062448
398, 0.069683, 0.062315
399, 0.069735, 0.070233
400, 0.069030, 0.059850
401, 0.069392, 0.062898
402, 0.069417, 0.063742
403, 0.069473, 0.065137
404, 0.069208, 0.060952
405, 0.069317, 0.063557
406, 0.069242, 0.062422
407, 0.067387, 0.062505
408, 0.068210, 0.059762
409, 0.068483, 0.062667
410, 0.070083, 0.062533
411, 0.069652, 0.062917
412, 0.069678, 0.061170
413, 0.069440, 0.064465
414, 0.070412, 0.063792
415, 0.069653, 0.063855
416, 0.067657, 0.059133
417, 0.072730, 0.062882
418, 0.072443, 0.070575
419, 0.073495, 0.088238
420, 0.074377, 0.061790
421, 0.073910, 0.063377
422, 0.073857, 0.062528
423, 0.074282, 0.063227
424, 0.072287, 0.059493
425, 0.073187, 0.066815
426, 0.073975, 0.064150
427, 0.074858, 0.063852
428, 0.074402, 0.223447
429, 0.073332, 0.117397
430, 0.075418, 0.068782
431, 0.076180, 0.068220
432, 0.076043, 0.063363
433, 0.076373, 0.070190
434, 0.076423, 0.070147
435, 0.074703, 0.069107
436, 0.076298, 0.063328
437, 0.116735, 0.064100
438, 0.073017, 0.064605
439, 0.072733, 0.065632
440, 0.072788, 0.062195
441, 0.073190, 0.065220
442, 0.073213, 0.064793
443, 0.073153, 0.065115
444, 0.074725, 0.061785
445, 0.074722, 0.065787
446, 0.073200, 0.065340
447, 0.076253, 0.065525
448, 0.067715, 0.062058
449, 0.077587, 0.066497
450, 0.077513, 0.066840
451, 0.077118, 0.067163
452, 0.077612, 0.064412
453, 0.077355, 0.067137
454, 0.077345, 0.065667
455, 0.077588, 0.066527
456, 0.077162, 0.064197
457, 0.077858, 0.066697
458, 0.077685, 0.066387
459, 0.078090, 0.066517
460, 0.091882, 0.065347
461, 0.077698, 0.067627
462, 0.077952, 0.067187
463, 0.077747, 0.067753
464, 0.077060, 0.068392
465, 0.077620, 0.069358
466, 0.077877, 0.069895
467, 0.077605, 0.069683
468, 0.077895, 0.066568
469, 0.079270, 0.069017
470, 0.078042, 0.069125
471, 0.079275, 0.069775
472, 0.077345, 0.066162
473, 0.078227, 0.068688
474, 0.077870, 0.068958
475, 0.080158, 0.070822
476, 0.078090, 0.065782
477, 0.078300, 0.069025
478, 0.078003, 0.069513
479, 0.078055, 0.070797
480, 0.070988, 0.065765
481, 0.082873, 0.063980
482, 0.082637, 0.063992
483, 0.082620, 0.064305
484, 0.082793, 0.061420
485, 0.084342, 0.064438
486, 0.083288, 0.064615
487, 0.082752, 0.065025
488, 0.085805, 0.060333
489, 0.083390, 0.064860
490, 0.083165, 0.064720
491, 0.082912, 0.065472
492, 0.083093, 0.061568
493, 0.082862, 0.066395
494, 0.083205, 0.068190
495, 0.083535, 0.067298
496, 0.082267, 0.061593
497, 0.082887, 0.066908
498, 0.082980, 0.067005
499, 0.082760, 0.078048
500, 0.083063, 0.063532
501, 0.082812, 0.067557
502, 0.083057, 0.067903
503, 0.082972, 0.067962
504, 0.083000, 0.062820
505, 0.083407, 0.067538
506, 0.083327, 0.067715
507, 0.083410, 0.068092
508, 0.083470, 0.063372
509, 0.083315, 0.068277
510, 0.083177, 0.068163
511, 0.083472, 0.068513
512, 0.075645, 0.062648
513, 0.088107, 0.072968
514, 0.088065, 0.073072
515, 0.088093, 0.074273
516, 0.088245, 0.071268
517, 0.088143, 0.073650
518, 0.088178, 0.071805
519, 0.088240, 0.073300
520, 0.088052, 0.070500
521, 0.088583, 0.073732
522, 0.088533, 0.072548
523, 0.088545, 0.073518
524, 0.088568, 0.070467
525, 0.088518, 0.074547
526, 0.088545, 0.072925
527, 0.088553, 0.073348
528, 0.087068, 0.069935
529, 0.087925, 0.075558
530, 0.088067, 0.075807
531, 0.088022, 0.076000
532, 0.088138, 0.073305
533, 0.088120, 0.076363
534, 0.088153, 0.076538
535, 0.087973, 0.075030
536, 0.088032, 0.072905
537, 0.197555, 0.075907
538, 0.207020, 0.080528
539, 0.091302, 0.078523
540, 0.091345, 0.159488
541, 0.091155, 0.080735
542, 0.091287, 0.080418
543, 0.091205, 0.143290
544, 0.080467, 0.070645
545, 0.093495, 0.078360
546, 0.093305, 0.078513
547, 0.093467, 0.078847
548, 0.093268, 0.203097
549, 0.093040, 0.078352
550, 0.096172, 0.080310
551, 0.095828, 0.081033
552, 0.103918, 0.076787
553, 0.096402, 0.080637
554, 0.096613, 0.080738
555, 0.096352, 0.078250
556, 0.093877, 0.071750
557, 0.093670, 0.077027
558, 0.093918, 0.077352
559, 0.093815, 0.078193
560, 0.092568, 0.073285
561, 0.093598, 0.080675
562, 0.093510, 0.079648
563, 0.093570, 0.125392
564, 0.092865, 0.077595
565, 0.093592, 0.081200
566, 0.214428, 0.079068
567, 0.127467, 0.079953
568, 0.093505, 0.076287
569, 0.093735, 0.080140
570, 0.207117, 0.081948
571, 0.096522, 0.084643
572, 0.096328, 0.079360
573, 0.096468, 0.170940
574, 0.096888, 0.083265
575, 0.093955, 0.122220
576, 0.085490, 0.134765
577, 0.098332, 0.084722
578, 0.098813, 0.099355
579, 0.097945, 0.105712
580, 0.104783, 0.086680
581, 0.104657, 0.090298
582, 0.103870, 0.090532
583, 0.104580, 0.151340
584, 0.098093, 0.078682
585, 0.097790, 0.081573
586, 0.097822, 0.079613
587, 0.097637, 0.080192
588, 0.097913, 0.076072
589, 0.097867, 0.080918
590, 0.097842, 0.081490
591, 0.097860, 0.081762
592, 0.096660, 0.078763
593, 0.097413, 0.083870
594, 0.097198, 0.085290
595, 0.097542, 0.085418
596, 0.097195, 0.082057
597, 0.097838, 0.083848
598, 0.097757, 0.084163
599, 0.097523, 0.084302
600, 0.101503, 0.080662
601, 0.097727, 0.083213
602, 0.097863, 0.084498
603, 0.099892, 0.084703
604, 0.097845, 0.094085
605, 0.097848, 0.083783
606, 0.097632, 0.083927
607, 0.097955, 0.084200
608, 0.088863, 0.078388
609, 0.102382, 0.086155
610, 0.101988, 0.086493
611, 0.102252, 0.087323
612, 0.102078, 0.082413
613, 0.102140, 0.085328
614, 0.101817, 0.086182
615, 0.102125, 0.086230
616, 0.101832, 0.079217
617, 0.102435, 0.084045
618, 0.102873, 0.083848
619, 0.102437, 0.084663
620, 0.102782, 0.079140
621, 0.102375, 0.085387
622, 0.102710, 0.085415
623, 0.102662, 0.085807
624, 0.100852, 0.080920
625, 0.102075, 0.088862
626, 0.101742, 0.089043
627, 0.101965, 0.089832
628, 0.102063, 0.082878
629, 0.102065, 0.088297
630, 0.102105, 0.088328
631, 0.102113, 0.089085
632, 0.102043, 0.083240
633, 0.102337, 0.089095
634, 0.102615, 0.088817
635, 0.102618, 0.089327
636, 0.102435, 0.081975
637, 0.102435, 0.089107
638, 0.102593, 0.089245
639, 0.102432, 0.090200
640, 0.094228, 0.082542
641, 0.107818, 0.099443
642, 0.107557, 0.098427
643, 0.107855, 0.099525
644, 0.107707, 0.093060
645, 0.107535, 0.099212
646, 0.107802, 0.096677
647, 0.107545, 0.097008
648, 0.107607, 0.089430
649, 0.108330, 0.095620
650, 0.108182, 0.096092
651, 0.108377, 0.096147
652, 0.108143, 0.089733
653, 0.108303, 0.096920
654, 0.108472, 0.097805
655, 0.108185, 0.097827
656, 0.106538, 0.091897
657, 0.115737, 0.101535
658, 0.107608, 0.102462
659, 0.107702, 0.099820
660, 0.107708, 0.096083
661, 0.107983, 0.099915
662, 0.108130, 0.100057
663, 0.107987, 0.099880
664, 0.137637, 0.093760
665, 0.108580, 0.100132
666, 0.108467, 0.100693
667, 0.108517, 0.098412
668, 0.199025, 0.091835
669, 0.108410, 0.194540
670, 0.108540, 0.100720
671, 0.108570, 0.100398
672, 0.098855, 0.092053
673, 0.112698, 0.102267
674, 0.112778, 0.103402
675, 0.112763, 0.104130
676, 0.112653, 0.094813
677, 0.112835, 0.100083
678, 0.112645, 0.100110
679, 0.112842, 0.100058
680, 0.112742, 0.093300
681, 0.113292, 0.099277
682, 0.113508, 0.099108
683, 0.113518, 0.099628
684, 0.113297, 0.094512
685, 0.113380, 0.099995
686, 0.113503, 0.100882
687, 0.113373, 0.102147
688, 0.112273, 0.096633
689, 0.113120, 0.105705
690, 0.112920, 0.102650
691, 0.113100, 0.104325
692, 0.113018, 0.209530
693, 0.115022, 0.107842
694, 0.116368, 0.128392
695, 0.149470, 0.107547
696, 0.185578, 0.101650
697, 0.114007, 0.105455
698, 0.113482, 0.103172
699, 0.113512, 0.102448
700, 0.113493, 0.189918
701, 0.113030, 0.104900
702, 0.113412, 0.104433
703, 0.113588, 0.105467
704, 0.103118, 0.096443
705, 0.117925, 0.129733
706, 0.117995, 0.108380
707, 0.184362, 0.108310
708, 0.117655, 0.100455
709, 0.117828, 0.115243
710, 0.118085, 0.174170
711, 0.117900, 0.107612
712, 0.117490, 0.098948
713, 0.118547, 0.105925
714, 0.118528, 0.106493
715, 0.118423, 0.106770
716, 0.118425, 0.099397
717, 0.118793, 0.107968
718, 0.118352, 0.109417
719, 0.225437, 0.117952
720, 0.236387, 0.161915
721, 0.120947, 0.115085
722, 0.121393, 0.116830
723, 0.118293, 0.112092
724, 0.118420, 0.106837
725, 0.118572, 0.111757
726, 0.118452, 0.112882
727, 0.118442, 0.289320
728, 0.120322, 0.108315
729, 0.121032, 0.113303
730, 0.120600, 0.118445
731, 0.120895, 0.112982
732, 0.120552, 0.192133
733, 0.117565, 0.112582
734, 0.118835, 0.156493
735, 0.117497, 0.111683
736, 0.106620, 0.099760
737, 0.122185, 0.109285
738, 0.121845, 0.109272
739, 0.121995, 0.110723
740, 0.121980, 0.099575
741, 0.122413, 0.111442
742, 0.122853, 0.109725
743, 0.122722, 0.110860
744, 0.122325, 0.097965
745, 0.123448, 0.108420
746, 0.123143, 0.109072
747, 0.123038, 0.109803
748, 0.123423, 0.098242
749, 0.123373, 0.111548
750, 0.123052, 0.111817
751, 0.123447, 0.112753
752, 0.121143, 0.099317
753, 0.122333, 0.116170
754, 0.122243, 0.115855
755, 0.122305, 0.116713
756, 0.122413, 0.104272
757, 0.122697, 0.114502
758, 0.122550, 0.113728
759, 0.122725, 0.115105
760, 0.122348, 0.100253
761, 0.123320, 0.112250
762, 0.189730, 0.112397
763, 0.123377, 0.113060
764, 0.123202, 0.101997
765, 0.123372, 0.185225
766, 0.122953, 0.201942
767, 0.122810, 0.114698
768, 0.140867, 0.099708
769, 0.127778, 0.121455
770, 0.127695, 0.121933
771, 0.127735, 0.121457
772, 0.127685, 0.111583
773, 0.127800, 0.121480
774, 0.127593, 0.120730
775, 0.127827, 0.121838
776, 0.149598, 0.110500
777, 0.128627, 0.120530
778, 0.128502, 0.122075
779, 0.128305, 0.184265
780, 0.128305, 0.186092
781, 0.127840, 0.123707
782, 0.128472, 0.123747
783, 0.128532, 0.123217
784, 0.126218, 0.113092
785, 0.128097, 0.127160
786, 0.128835, 0.128002
787, 0.127888, 0.127038
788, 0.127828, 0.118398
789, 0.127997, 0.125815
790, 0.128052, 0.126698
791, 0.128030, 0.123800
792, 0.127538, 0.112767
793, 0.128520, 0.141425
794, 0.128582, 0.124177
795, 0.128538, 0.125390
796, 0.128478, 0.113348
797, 0.128387, 0.127510
798, 0.128645, 0.126927
799, 0.128602, 0.150703
800, 0.116902, 0.110462
801, 0.132505, 0.130205
802, 0.132622, 0.129262
803, 0.132693, 0.130027
804, 0.132773, 0.115628
805, 0.133355, 0.129587
806, 0.132788, 0.128755
807, 0.197193, 0.129388
808, 0.132585, 0.114648
809, 0.133620, 0.129277
810, 0.133502, 0.129553
811, 0.133338, 0.131508
812, 0.133375, 0.117177
813, 0.133658, 0.131837
814, 0.133612, 0.139308
815, 0.133355, 0.132412
816, 0.131828, 0.118570
817, 0.133175, 0.135428
818, 0.133227, 0.134798
819, 0.133382, 0.135805
820, 0.133267, 0.120832
821, 0.227025, 0.134027
822, 0.133108, 0.131910
823, 0.133275, 0.132728
824, 0.132982, 0.116543
825, 0.133770, 0.131458
826, 0.133558, 0.131978
827, 0.133573, 0.133127
828, 0.133527, 0.117508
829, 0.133638, 0.133367
830, 0.133730, 0.134068
831, 0.133692, 0.134645
832, 0.121297, 0.115200
833, 0.137603, 0.137997
834, 0.137703, 0.137012
835, 0.137787, 0.137170
836, 0.137778, 0.120418
837, 0.137565, 0.137133
838, 0.137802, 0.136983
839, 0.137848, 0.137512
840, 0.137452, 0.121862
841, 0.139143, 0.196550
842, 0.142755, 0.144133
843, 0.142735, 0.143478
844, 0.142688, 0.126642
845, 0.142868, 0.141230
846, 0.138965, 0.140712
847, 0.138365, 0.230130
848, 0.136383, 0.215230
849, 0.138330, 0.145085
850, 0.138378, 0.144432
851, 0.138312, 0.144868
852, 0.200468, 0.127658
853, 0.138195, 0.140127
854, 0.138073, 0.141643
855, 0.137955, 0.142545
856, 0.137793, 0.178155
857, 0.138133, 0.141747
858, 0.138512, 0.141197
859, 0.138760, 0.141477
860, 0.138727, 0.122202
861, 0.138698, 0.142697
862, 0.138470, 0.173700
863, 0.138438, 0.143573
864, 0.125468, 0.119695
865, 0.142443, 0.142612
866, 0.142673, 0.143773
867, 0.151195, 0.143770
868, 0.142555, 0.121182
869, 0.142383, 0.141347
870, 0.142370, 0.142447
871, 0.142577, 0.142615
872, 0.142255, 0.120275
873, 0.143275, 0.144878
874, 0.143312, 0.144878
875, 0.143337, 0.145545
876, 0.143277, 0.121053
877, 0.143192, 0.146912
878, 0.143288, 0.146662
879, 0.143418, 0.146197
880, 0.141565, 0.121513
881, 0.142763, 0.150623
882, 0.142613, 0.151747
883, 0.142638, 0.152745
884, 0.142530, 0.122077
885, 0.142763, 0.146353
886, 0.142782, 0.147098
887, 0.142735, 0.316803
888, 0.146772, 0.126433
889, 0.147428, 0.153307
890, 0.147343, 0.151943
891, 0.147243, 0.148677
892, 0.143597, 0.126423
893, 0.143453, 0.149685
894, 0.150127, 0.150722
895, 0.143473, 0.151675
896, 0.129968, 0.120290
897, 0.147037, 0.160777
898, 0.147005, 0.158898
899, 0.147118, 0.160680
900, 0.147132, 0.139768
901, 0.146758, 0.160047
902, 0.147002, 0.159540
903, 0.146883, 0.160650
904, 0.146515, 0.142587
905, 0.147572, 0.161150
906, 0.147882, 0.161583
907, 0.147833, 0.159928
908, 0.148018, 0.141133
909, 0.147857, 0.162768
910, 0.148187, 0.162312
911, 0.148147, 0.160888
912, 0.146223, 0.141003
913, 0.147990, 0.169548
914, 0.147797, 0.168662
915, 0.147575, 0.168652
916, 0.147665, 0.144902
917, 0.148382, 0.167238
918, 0.147712, 0.166678
919, 0.147628, 0.176753
920, 0.147503, 0.142790
921, 0.148440, 0.167935
922, 0.148490, 0.168745
923, 0.148388, 0.212658
924, 0.148547, 0.142355
925, 0.148377, 0.168938
926, 0.148493, 0.168363
927, 0.148468, 0.169238
928, 0.134992, 0.139027
929, 0.152275, 0.172145
930, 0.152125, 0.173072
931, 0.152130, 0.174042
932, 0.151998, 0.147747
933, 0.152055, 0.168877
934, 0.151903, 0.169478
935, 0.151875, 0.170088
936, 0.151700, 0.150215
937, 0.208745, 0.171977
938, 0.152908, 0.170715
939, 0.152863, 0.173622
940, 0.152897, 0.148750
941, 0.152808, 0.173542
942, 0.152897, 0.295168
943, 0.158592, 0.178505
944, 0.155890, 0.152092
945, 0.157313, 0.230400
946, 0.153393, 0.181397
947, 0.153142, 0.180037
948, 0.152648, 0.150793
949, 0.152530, 0.182227
950, 0.156162, 0.182517
951, 0.156305, 0.185703
952, 0.155610, 0.148908
953, 0.152233, 0.178595
954, 0.152632, 0.178727
955, 0.152368, 0.179295
956, 0.152383, 0.148107
957, 0.152353, 0.180928
958, 0.152545, 0.179968
959, 0.152343, 0.180960
960, 0.138392, 0.145730
961, 0.156470, 0.182267
962, 0.156612, 0.183700
963, 0.156417, 0.182482
964, 0.156223, 0.153748
965, 0.156468, 0.177788
966, 0.156623, 0.179368
967, 0.156317, 0.179540
968, 0.156210, 0.155668
969, 0.157360, 0.180045
970, 0.157363, 0.182683
971, 0.157332, 0.181823
972, 0.166348, 0.155922
973, 0.157307, 0.183047
974, 0.157280, 0.182187
975, 0.157338, 0.182088
976, 0.155395, 0.152925
977, 0.156990, 0.189575
978, 0.157552, 0.189198
979, 0.156988, 0.189558
980, 0.156930, 0.158003
981, 0.157040, 0.189588
982, 0.156945, 0.189120
983, 0.156793, 0.189993
984, 0.156498, 0.155582
985, 0.157287, 0.189425
986, 0.157393, 0.189555
987, 0.157443, 0.190513
988, 0.157915, 0.155548
989, 0.159392, 0.189783
990, 0.158142, 0.189897
991, 0.158297, 0.188753
992, 0.143297, 0.151970
993, 0.162447, 0.181275
994, 0.162645, 0.182367
995, 0.162718, 0.182448
996, 0.162685, 0.152547
997, 0.162688, 0.178772
998, 0.162935, 0.179022
999, 0.162723, 0.179172
1000, 0.162563, 0.147338
1001, 0.163682, 0.182315
1002, 0.163965, 0.183793
1003, 0.163627, 0.183202
1004, 0.163945, 0.150108
1005, 0.163730, 0.183808
1006, 0.163840, 0.184665
1007, 0.163878, 0.183907
1008, 0.161118, 0.147240
1009, 0.162473, 0.191850
1010, 0.162325, 0.190050
1011, 0.162535, 0.191265
1012, 0.162432, 0.226412
1013, 0.162233, 0.188688
1014, 0.162228, 0.188815
1015, 0.162172, 0.189077
1016, 0.161905, 0.151062
1017, 0.163158, 0.191622
1018, 0.163148, 0.192683
1019, 0.163073, 0.190295
1020, 0.163077, 0.154550
1021, 0.162955, 0.193327
1022, 0.162998, 0.194502
1023, 0.163255, 0.192322
1024, 0.148258, 0.157273
1025, 0.167942, 0.198062
1026, 0.167815, 0.196997
1027, 0.167812, 0.198647
1028, 0.167998, 0.166942
1029, 0.167843, 0.193235
1030, 0.195928, 0.192172
1031, 0.195823, 0.195453
1032, 0.167533, 0.166722
1033, 0.168530, 0.197070
1034, 0.185038, 0.204867
1035, 0.172480, 0.205182
1036, 0.174177, 0.167835
1037, 0.168890, 0.200105
1038, 0.169107, 0.199803
1039, 0.171593, 0.202705
1040, 0.167250, 0.163197
1041, 0.169888, 0.210900
1042, 0.169287, 0.210740
1043, 0.170910, 0.214225
1044, 0.172732, 0.236357
1045, 0.169182, 0.203162
1046, 0.167765, 0.202448
1047, 0.167380, 0.201760
1048, 0.166922, 0.168457
1049, 0.168048, 0.207077
1050, 0.168040, 0.205427
1051, 0.167960, 0.207640
1052, 0.167817, 0.171857
1053, 0.168233, 0.209992
1054, 0.168473, 0.208253
1055, 0.168363, 0.210310
1056, 0.194947, 0.168742
1057, 0.172705, 0.205600
1058, 0.172543, 0.207425
1059, 0.172550, 0.246642
1060, 0.172580, 0.172733
1061, 0.172715, 0.197935
1062, 0.172787, 0.201705
1063, 0.172757, 0.204307
1064, 0.172507, 0.171825
1065, 0.173567, 0.204750
1066, 0.173418, 0.203485
1067, 0.181818, 0.204630
1068, 0.173345, 0.171655
1069, 0.173417, 0.208150
1070, 0.173570, 0.207960
1071, 0.173558, 0.208105
1072, 0.170970, 0.171578
1073, 0.172910, 0.215240
1074, 0.172692, 0.215050
1075, 0.172645, 0.214223
1076, 0.172720, 0.181600
1077, 0.179235, 0.209467
1078, 0.172797, 0.210032
1079, 0.172773, 0.211667
1080, 0.172427, 0.235135
1081, 0.173372, 0.212958
1082, 0.173330, 0.213198
1083, 0.173333, 0.214888
1084, 0.173548, 0.177472
1085, 0.173623, 0.214753
1086, 0.173352, 0.217328
1087, 0.173528, 0.215205
1088, 0.157458, 0.179005
1089, 0.177928, 0.221775
1090, 0.177515, 0.218885
1091, 0.177517, 0.220185
1092, 0.177567, 0.189783
1093, 0.177200, 0.216122
1094, 0.177247, 0.217847
1095, 0.177350, 0.217875
1096, 0.177160, 0.186565
1097, 0.178517, 0.217385
1098, 0.178355, 0.218492
1099, 0.178210, 0.217123
1100, 0.178345, 0.185622
1101, 0.178302, 0.221367
1102, 0.178448, 0.219608
1103, 0.178367, 0.224708
1104, 0.175965, 0.189367
1105, 0.177727, 0.229412
1106, 0.177623, 0.228977
1107, 0.177870, 0.227740
1108, 0.177717, 0.196762
1109, 0.177852, 0.226865
1110, 0.177702, 0.228837
1111, 0.177842, 0.228768
1112, 0.177455, 0.193112
1113, 0.178398, 0.230262
1114, 0.178387, 0.232227
1115, 0.185342, 0.236303
1116, 0.183738, 0.200512
1117, 0.183755, 0.234907
1118, 0.179100, 0.235602
1119, 0.226642, 0.235215
1120, 0.161795, 0.195958
1121, 0.182118, 0.222758
1122, 0.182492, 0.222533
1123, 0.182123, 0.221450
1124, 0.181983, 0.194270
1125, 0.181868, 0.220100
1126, 0.182100, 0.221970
1127, 0.182673, 0.221403
1128, 0.181813, 0.186728
1129, 0.182797, 0.228327
1130, 0.183093, 0.221767
1131, 0.183302, 0.219283
1132, 0.183285, 0.191540
1133, 0.183180, 0.228468
1134, 0.183075, 0.227598
1135, 0.182972, 0.227277
1136, 0.180470, 0.190542
1137, 0.182140, 0.231997
1138, 0.182025, 0.232672
1139, 0.182385, 0.232043
1140, 0.181938, 0.200728
1141, 0.182065, 0.227475
1142, 0.182195, 0.230190
1143, 0.182150, 0.229927
1144, 0.181637, 0.192400
1145, 0.183045, 0.233258
1146, 0.183233, 0.233423
1147, 0.182962, 0.233108
1148, 0.182957, 0.200000
1149, 0.182797, 0.239640
1150, 0.182948, 0.238363
1151, 0.183058, 0.240272
1152, 0.166163, 0.197413
1153, 0.186935, 0.237382
1154, 0.187313, 0.250323
1155, 0.187150, 0.243363
1156, 0.186963, 0.211143
1157, 0.187043, 0.237788
1158, 0.187327, 0.236322
1159, 0.187077, 0.236005
1160, 0.186608, 0.200807
1161, 0.188295, 0.235470
1162, 0.188327, 0.237460
1163, 0.188240, 0.238090
1164, 0.188135, 0.209450
1165, 0.188045, 0.240932
1166, 0.188243, 0.239905
1167, 0.188235, 0.237675
1168, 0.185077, 0.205853
1169, 0.187162, 0.249953
1170, 0.187100, 0.246787
1171, 0.187027, 0.249608
1172, 0.186967, 0.220623
1173, 0.187265, 0.243895
1174, 0.187175, 0.245442
1175, 0.187123, 0.244143
1176, 0.186957, 0.209988
1177, 0.188173, 0.247933
1178, 0.187910, 0.248777
1179, 0.188107, 0.251055
1180, 0.187987, 0.216327
1181, 0.188007, 0.252990
1182, 0.193807, 0.254990
1183, 0.188030, 0.255073
1184, 0.171332, 0.215285
1185, 0.191977, 0.243665
1186, 0.192128, 0.253523
1187, 0.192652, 0.250377
1188, 0.191825, 0.218787
1189, 0.191933, 0.252492
1190, 0.197580, 0.249532
1191, 0.223727, 0.248897
1192, 0.192360, 0.211377
1193, 0.317188, 0.243130
1194, 0.193968, 0.248768
1195, 0.193498, 0.248510
1196, 0.193900, 0.218148
1197, 0.193498, 0.252728
1198, 0.193302, 0.247187
1199, 0.193583, 0.253803
1200, 0.203982, 0.221832
1201, 0.203703, 0.269315
1202, 0.204962, 0.273058
1203, 0.279057, 0.261453
1204, 0.192103, 0.226910
1205, 0.192293, 0.251142
1206, 0.192087, 0.254215
1207, 0.192033, 0.253132
1208, 0.191795, 0.215560
1209, 0.192838, 0.256843
1210, 0.193268, 0.264117
1211, 0.193083, 0.261538
1212, 0.193363, 0.225678
1213, 0.193037, 0.264785
1214, 0.193208, 0.264313
1215, 0.193425, 0.263580
1216, 0.174987, 0.226530
1217, 0.197350, 0.265660
1218, 0.197565, 0.261233
1219, 0.197237, 0.263182
1220, 0.197557, 0.227197
1221, 0.197352, 0.253417
1222, 0.197125, 0.254772
1223, 0.197365, 0.251577
1224, 0.196980, 0.215097
1225, 0.198167, 0.258192
1226, 0.198448, 0.259013
1227, 0.198423, 0.260660
1228, 0.198427, 0.228333
1229, 0.198500, 0.256445
1230, 0.198350, 0.258985
1231, 0.198743, 0.260423
1232, 0.195798, 0.225860
1233, 0.197637, 0.268495
1234, 0.197872, 0.279258
1235, 0.197713, 0.269227
1236, 0.197627, 0.235740
1237, 0.197720, 0.263973
1238, 0.197733, 0.268202
1239, 0.197505, 0.264830
1240, 0.197508, 0.227957
1241, 0.198488, 0.272320
1242, 0.198505, 0.271317
1243, 0.198455, 0.272728
1244, 0.198290, 0.236645
1245, 0.198718, 0.275580
1246, 0.198465, 0.275228
1247, 0.198482, 0.275560
1248, 0.179307, 0.234700
1249, 0.202158, 0.266248
1250, 0.202387, 0.267237
1251, 0.202227, 0.264305
1252, 0.202148, 0.231687
1253, 0.202265, 0.257293
1254, 0.202305, 0.259843
1255, 0.202102, 0.260222
1256, 0.202090, 0.228733
1257, 0.203322, 0.356145
1258, 0.203693, 0.259928
1259, 0.204112, 0.261190
1260, 0.204152, 0.235512
1261, 0.203720, 0.264582
1262, 0.204457, 0.261012
1263, 0.204548, 0.265727
1264, 0.201963, 0.232842
1265, 0.204232, 0.275413
1266, 0.229570, 0.275103
1267, 0.202832, 0.318770
1268, 0.205043, 0.241285
1269, 0.201712, 0.269805
1270, 0.201443, 0.268142
1271, 0.201663, 0.268158
1272, 0.201378, 0.228828
1273, 0.202708, 0.280787
1274, 0.203550, 0.278450
1275, 0.202720, 0.277922
1276, 0.202573, 0.238607
1277, 0.203117, 0.281533
1278, 0.202977, 0.283658
1279, 0.203022, 0.281665
1280, 0.183275, 0.239328
1281, 0.206992, 0.287015
1282, 0.206920, 0.283580
1283, 0.207042, 0.285557
1284, 0.206680, 0.249588
1285, 0.206880, 0.275523
1286, 0.206892, 0.275912
1287, 0.216828, 0.277630
1288, 0.206948, 0.246252
1289, 0.208087, 0.279685
1290, 0.208218, 0.279523
1291, 0.208143, 0.280050
1292, 0.208193, 0.249005
1293, 0.208045, 0.279633
1294, 0.208068, 0.279072
1295, 0.208045, 0.282160
1296, 0.204758, 0.252325
1297, 0.207517, 0.289363
1298, 0.207448, 0.289480
1299, 0.207562, 0.292787
1300, 0.207412, 0.262300
1301, 0.207477, 0.288302
1302, 0.207485, 0.285847
1303, 0.207602, 0.292962
1304, 0.207213, 0.250850
1305, 0.208503, 0.296015
1306, 0.208318, 0.297453
1307, 0.208320, 0.297702
1308, 0.208385, 0.257620
1309, 0.208445, 0.299915
1310, 0.208322, 0.298447
1311, 0.208328, 0.301917
1312, 0.188648, 0.260918
1313, 0.212098, 0.293035
1314, 0.211773, 0.297077
1315, 0.212248, 0.296925
1316, 0.212127, 0.259283
1317, 0.211880, 0.282395
1318, 0.296260, 0.383583
1319, 0.211707, 0.290793
1320, 0.211577, 0.258430
1321, 0.213090, 0.288117
1322, 0.213377, 0.289883
1323, 0.213433, 0.288867
1324, 0.214028, 0.258540
1325, 0.218592, 0.291017
1326, 0.212672, 0.296402
1327, 0.213070, 0.294740
1328, 0.210753, 0.263170
1329, 0.212723, 0.303300
1330, 0.212872, 0.301925
1331, 0.212633, 0.308023
1332, 0.212620, 0.271735
1333, 0.212863, 0.295565
1334, 0.212673, 0.301308
1335, 0.212567, 0.299783
1336, 0.212477, 0.263162
1337, 0.213765, 0.309498
1338, 0.213473, 0.312308
1339, 0.213612, 0.316922
1340, 0.213560, 0.271498
1341, 0.213645, 0.310382
1342, 0.213377, 0.312967
1343, 0.213388, 0.311638
1344, 0.193163, 0.267543
1345, 0.217038, 0.313527
1346, 0.216785, 0.308922
1347, 0.216893, 0.308710
1348, 0.217065, 0.266700
1349, 0.216917, 0.362735
1350, 0.217060, 0.307570
1351, 0.216757, 0.306910
1352, 0.216402, 0.358997
1353, 0.296795, 0.309105
1354, 0.218535, 0.306505
1355, 0.218133, 0.306173
1356, 0.218335, 0.272145
1357, 0.218285, 0.308493
1358, 0.218847, 0.307645
1359, 0.218160, 0.309400
1360, 0.215722, 0.276060
1361, 0.217583, 0.318388
1362, 0.217622, 0.321770
1363, 0.217577, 0.318958
1364, 0.217683, 0.283868
1365, 0.217743, 0.315803
1366, 0.217470, 0.318167
1367, 0.217477, 0.316133
1368, 0.217457, 0.327232
1369, 0.218297, 0.322537
1370, 0.218483, 0.323167
1371, 0.218405, 0.325595
1372, 0.218360, 0.286542
1373, 0.218408, 0.323805
1374, 0.218217, 0.328433
1375, 0.218252, 0.326328
1376, 0.197618, 0.285125
1377, 0.221958, 0.302655
1378, 0.222428, 0.301500
1379, 0.221902, 0.297838
1380, 0.222367, 0.277598
1381, 0.221958, 0.294688
1382, 0.222268, 0.300323
1383, 0.222708, 0.301243
1384, 0.225983, 0.262788
1385, 0.226793, 0.301970
1386, 0.225682, 0.342597
1387, 0.223013, 0.299777
1388, 0.223145, 0.272305
1389, 0.223122, 0.300353
1390, 0.223088, 0.306652
1391, 0.223235, 0.306567
1392, 0.304820, 0.265560
1393, 0.221627, 0.310637
1394, 0.221750, 0.312648
1395, 0.221840, 0.311412
1396, 0.221647, 0.279342
1397, 0.221637, 0.310608
1398, 0.221713, 0.310892
1399, 0.221573, 0.315377
1400, 0.221330, 0.266475
1401, 0.222842, 0.324143
1402, 0.222575, 0.319943
1403, 0.222622, 0.323175
1404, 0.222673, 0.274755
1405, 0.222593, 0.324388
1406, 0.222907, 0.328043
1407, 0.222878, 0.327958
1408, 0.201908, 0.273627
1409, 0.226767, 0.330293
1410, 0.226755, 0.324843
1411, 0.226557, 0.338225
1412, 0.226688, 0.299198
1413, 0.226722, 0.324518
1414, 0.226778, 0.322063
1415, 0.226867, 0.320322
1416, 0.226040, 0.280857
1417, 0.228162, 0.320797
1418, 0.227782, 0.320837
1419, 0.227965, 0.326077
1420, 0.228077, 0.293287
1421, 0.227935, 0.323787
1422, 0.227868, 0.327567
1423, 0.227910, 0.327565
1424, 0.223890, 0.294352
1425, 0.226702, 0.338783
1426, 0.226942, 0.336092
1427, 0.226732, 0.346450
1428, 0.226650, 0.308033
1429, 0.227115, 0.332937
1430, 0.227080, 0.334562
1431, 0.226633, 0.338280
1432, 0.226430, 0.292610
1433, 0.227542, 0.343227
1434, 0.227618, 0.343057
1435, 0.227975, 0.342573
1436, 0.227655, 0.300367
1437, 0.227893, 0.420107
1438, 0.228080, 0.344958
1439, 0.235140, 0.355112
1440, 0.213958, 0.309788
1441, 0.231548, 0.398155
1442, 0.231763, 0.345487
1443, 0.231798, 0.347767
1444, 0.236277, 0.315247
1445, 0.231820, 0.328398
1446, 0.231315, 0.331437
1447, 0.231280, 0.329853
1448, 0.231240, 0.303242
1449, 0.244633, 0.338293
1450, 0.244325, 0.458547
1451, 0.234097, 0.330680
1452, 0.231977, 0.301575
1453, 0.232147, 0.336153
1454, 0.231902, 0.333728
1455, 0.232378, 0.337425
1456, 0.229770, 0.299672
1457, 0.231790, 0.342158
1458, 0.231677, 0.353843
1459, 0.231965, 0.356980
1460, 0.231787, 0.316462
1461, 0.231770, 0.345077
1462, 0.231807, 0.344810
1463, 0.231642, 0.349040
1464, 0.232062, 0.302395
1465, 0.232605, 0.347538
1466, 0.232665, 0.352312
1467, 0.232890, 0.356868
1468, 0.232640, 0.310845
1469, 0.232782, 0.359130
1470, 0.232723, 0.356782
1471, 0.232887, 0.358785
1472, 0.211293, 0.313230
1473, 0.235992, 0.362057
1474, 0.236025, 0.352283
1475, 0.236013, 0.358675
1476, 0.276290, 0.315022
1477, 0.235503, 0.345293
1478, 0.235653, 0.340425
1479, 0.236018, 0.342722
1480, 0.235402, 0.299640
1481, 0.237132, 0.341727
1482, 0.237143, 0.342983
1483, 0.237030, 0.341828
1484, 0.237047, 0.349777
1485, 0.237103, 0.342853
1486, 0.237203, 0.345253
1487, 0.237000, 0.349490
1488, 0.234138, 0.305142
1489, 0.236877, 0.366103
1490, 0.237280, 0.362433
1491, 0.237037, 0.367015
1492, 0.237378, 0.324032
1493, 0.237248, 0.359347
1494, 0.237762, 0.352935
1495, 0.239262, 0.357657
1496, 0.235457, 0.312165
1497, 0.267827, 0.384803
1498, 0.292638, 0.366787
1499, 0.238250, 0.369377
1500, 0.238075, 0.320347
1501, 0.237917, 0.367317
1502, 0.237853, 0.367745
1503, 0.255388, 0.368317
1504, 0.215612, 0.315875
1505, 0.241818, 0.357122
1506, 0.242185, 0.358862
1507, 0.241787, 0.357283
1508, 0.241908, 0.312927
1509, 0.241883, 0.342627
1510, 0.242058, 0.355265
1511, 0.241687, 0.340630
1512, 0.241520, 0.304265
1513, 0.242993, 0.344642
1514, 0.243183, 0.347092
1515, 0.243283, 0.342318
1516, 0.243193, 0.308497
1517, 0.243092, 0.346895
1518, 0.243077, 0.347728
1519, 0.243192, 0.343762
1520, 0.238408, 0.310132
1521, 0.240897, 0.365328
1522, 0.240955, 0.362072
1523, 0.240958, 0.365485
1524, 0.241118, 0.326193
1525, 0.241050, 0.354905
1526, 0.241180, 0.354382
1527, 0.240987, 0.355077
1528, 0.240850, 0.310747
1529, 0.242460, 0.374055
1530, 0.287377, 0.366458
1531, 0.242272, 0.365628
1532, 0.242880, 0.320332
1533, 0.242672, 0.374522
1534, 0.242572, 0.370697
1535, 0.242558, 0.371222
1536, 0.219485, 0.324845
1537, 0.246963, 0.367187
1538, 0.247113, 0.368457
1539, 0.247182, 0.369653
1540, 0.247257, 0.323750
1541, 0.246752, 0.352793
1542, 0.247065, 0.351355
1543, 0.246987, 0.356685
1544, 0.247052, 0.313943
1545, 0.248950, 0.357695
1546, 0.249022, 0.348532
1547, 0.268153, 0.356048
1548, 0.249108, 0.318197
1549, 0.249023, 0.372940
1550, 0.250310, 0.361133
1551, 0.250240, 0.365773
1552, 0.244580, 0.325642
1553, 0.248123, 0.380118
1554, 0.302560, 0.380002
1555, 0.246893, 0.378610
1556, 0.246505, 0.332995
1557, 0.246593, 0.361905
1558, 0.246657, 0.368653
1559, 0.246873, 0.369797
1560, 0.246323, 0.323790
1561, 0.247973, 0.375497
1562, 0.248017, 0.376830
1563, 0.247762, 0.376300
1564, 0.247718, 0.330580
1565, 0.248115, 0.383760
1566, 0.248123, 0.381118
1567, 0.247820, 0.386450
1568, 0.224597, 0.323422
1569, 0.251902, 0.374895
1570, 0.251923, 0.367615
1571, 0.251997, 0.370855
1572, 0.252250, 0.325320
1573, 0.251917, 0.359487
1574, 0.252125, 0.363367
1575, 0.252070, 0.363675
1576, 0.251337, 0.319087
1577, 0.253393, 0.359260
1578, 0.253117, 0.365477
1579, 0.253250, 0.364380
1580, 0.253087, 0.329653
1581, 0.253103, 0.368135
1582, 0.253172, 0.372172
1583, 0.253443, 0.377650
1584, 0.249587, 0.329587
1585, 0.252243, 0.387078
1586, 0.252157, 0.386387
1587, 0.252097, 0.385060
1588, 0.252188, 0.341188
1589, 0.252217, 0.370873
1590, 0.252222, 0.379767
1591, 0.266970, 0.378145
1592, 0.251622, 0.331057
1593, 0.253143, 0.383643
1594, 0.253075, 0.384880
1595, 0.253300, 0.385600
1596, 0.253178, 0.340280
1597, 0.253892, 0.427708
1598, 0.254570, 0.391828
1599, 0.253295, 0.390045
1600, 0.229398, 0.335493
1601, 0.256897, 0.391240
1602, 0.265280, 0.380033
1603, 0.256985, 0.378073
1604, 0.257288, 0.334320
1605, 0.256963, 0.378448
1606, 0.256877, 0.375695
1607, 0.256937, 0.372098
1608, 0.256308, 0.330343
1609, 0.258348, 0.374830
1610, 0.258160, 0.377380
1611, 0.258358, 0.377418
1612, 0.258338, 0.331148
1613, 0.258238, 0.389603
1614, 0.258010, 0.385658
1615, 0.258240, 0.390713
1616, 0.254520, 0.342958
1617, 0.257132, 0.398410
1618, 0.257328, 0.390013
1619, 0.257223, 0.396192
1620, 0.257162, 0.429818
1621, 0.257280, 0.389652
1622, 0.257205, 0.387472
1623, 0.257227, 0.392512
1624, 0.256655, 0.346857
1625, 0.258088, 0.398242
1626, 0.258043, 0.404770
1627, 0.258155, 0.394262
1628, 0.258307, 0.349673
1629, 0.258123, 0.403325
1630, 0.258538, 0.411012
1631, 0.258072, 0.403683
1632, 0.233377, 0.346957
1633, 0.261375, 0.391762
1634, 0.261333, 0.393033
1635, 0.261325, 0.384793
1636, 0.261663, 0.353932
1637, 0.261447, 0.388995
1638, 0.261360, 0.381450
1639, 0.261260, 0.382107
1640, 0.260707, 0.337027
1641, 0.262908, 0.383047
1642, 0.262478, 0.383505
1643, 0.262788, 0.380307
1644, 0.262988, 0.356415
1645, 0.262982, 0.399547
1646, 0.263402, 0.542560
1647, 0.264453, 0.390737
1648, 0.258837, 0.345610
1649, 0.261242, 0.398035
1650, 0.260845, 0.403730
1651, 0.261072, 0.399337
1652, 0.261065, 0.360142
1653, 0.260918, 0.395482
1654, 0.260975, 0.407228
1655, 0.261205, 0.394767
1656, 0.260645, 0.347883
1657, 0.262297, 0.402665
1658, 0.262408, 0.404892
1659, 0.262140, 0.401590
1660, 0.262513, 0.360567
1661, 0.262735, 0.414253
1662, 0.262457, 0.416267
1663, 0.262352, 0.411027
1664, 0.237847, 0.349557
1665, 0.266020, 0.401892
1666, 0.266620, 0.400980
1667, 0.266212, 0.403338
1668, 0.266078, 0.366398
1669, 0.266257, 0.394072
1670, 0.266152, 0.393337
1671, 0.266045, 0.397387
1672, 0.265910, 0.358428
1673, 0.267685, 0.394158
1674, 0.267605, 0.391565
1675, 0.267738, 0.404703
1676, 0.267682, 0.373500
1677, 0.267563, 0.406600
1678, 0.267623, 0.406137
1679, 0.267677, 0.410953
1680, 0.263208, 0.365122
1681, 0.266580, 0.407160
1682, 0.266253, 0.410333
1683, 0.266360, 0.420088
1684, 0.266510, 0.379018
1685, 0.266412, 0.408815
1686, 0.266473, 0.412718
1687, 0.266420, 0.410768
1688, 0.265812, 0.366150
1689, 0.267642, 0.421903
1690, 0.267962, 0.414608
1691, 0.268430, 0.423167
1692, 0.268023, 0.379745
1693, 0.268467, 0.441202
1694, 0.373168, 0.429538
1695, 0.267963, 0.424702
1696, 0.242815, 0.373345
1697, 0.271143, 0.409122
1698, 0.271582, 0.412548
1699, 0.270995, 0.412913
1700, 0.270870, 0.366403
1701, 0.271033, 0.401988
1702, 0.271235, 0.400550
1703, 0.271030, 0.404590
1704, 0.270833, 0.358428
1705, 0.272552, 0.403025
1706, 0.272647, 0.413587
1707, 0.279655, 0.414903
1708, 0.272682, 0.371930
1709, 0.272713, 0.411243
1710, 0.272487, 0.417578
1711, 0.272598, 0.409758
1712, 0.269058, 0.365567
1713, 0.271625, 0.417653
1714, 0.271855, 0.425965
1715, 0.272000, 0.425368
1716, 0.271960, 0.384498
1717, 0.271722, 0.420158
1718, 0.271775, 0.417968
1719, 0.271665, 0.425535
1720, 0.271500, 0.369822
1721, 0.273035, 0.421107
1722, 0.272832, 0.426808
1723, 0.272897, 0.430447
1724, 0.272758, 0.383355
1725, 0.272942, 0.434368
1726, 0.272923, 0.435723
1727, 0.273498, 0.431982
1728, 0.246923, 0.374990
1729, 0.276400, 0.431863
1730, 0.276495, 0.431662
1731, 0.276483, 0.426343
1732, 0.276328, 0.384410
1733, 0.276505, 0.423690
1734, 0.276225, 0.419948
1735, 0.276580, 0.419995
1736, 0.275998, 0.375483
1737, 0.278077, 0.427332
1738, 0.278655, 0.438372
1739, 0.285193, 0.435567
1740, 0.278478, 0.397692
1741, 0.278750, 0.434092
1742, 0.278405, 0.430022
1743, 0.335965, 0.427733
1744, 0.273712, 0.387358
1745, 0.276702, 0.435065
1746, 0.276715, 0.437808
1747, 0.276867, 0.440170
1748, 0.277057, 0.402083
1749, 0.276973, 0.443490
1750, 0.277230, 0.439567
1751, 0.276980, 0.440142
1752, 0.276333, 0.386015
1753, 0.278045, 0.443688
1754, 0.278445, 0.443838
1755, 0.278038, 0.443902
1756, 0.278130, 0.405983
1757, 0.278082, 0.454210
1758, 0.278185, 0.454297
1759, 0.278038, 0.457810
1760, 0.251428, 0.394928
1761, 0.282338, 0.428160
1762, 0.282118, 0.431493
1763, 0.281900, 0.427873
1764, 0.281693, 0.387750
1765, 0.281735, 0.419758
1766, 0.281522, 0.421440
1767, 0.281488, 0.416782
1768, 0.281143, 0.383213
1769, 0.283172, 0.434375
1770, 0.283320, 0.426420
1771, 0.283185, 0.427790
1772, 0.283178, 0.396767
1773, 0.283215, 0.428747
1774, 0.283287, 0.430237
1775, 0.283212, 0.426373
1776, 0.278123, 0.386292
1777, 0.280528, 0.443250
1778, 0.280705, 0.439830
1779, 0.280777, 0.433803
1780, 0.280418, 0.399672
1781, 0.280915, 0.438480
1782, 0.280888, 0.441842
1783, 0.280815, 0.443165
1784, 0.280653, 0.388112
1785, 0.282847, 0.456635
1786, 0.283588, 0.471910
1787, 0.282943, 0.452003
1788, 0.282655, 0.405450
1789, 0.282305, 0.452315
1790, 0.282437, 0.453043
1791, 0.285820, 0.459103
1792, 0.309038, 0.396593
1793, 0.285727, 0.446177
1794, 0.285487, 0.445805
1795, 0.285660, 0.451523
1796, 0.285558, 0.404565
1797, 0.286265, 0.435703
1798, 0.285925, 0.434580
1799, 0.285955, 0.439072
1800, 0.285478, 0.412307
1801, 0.287188, 0.448422
1802, 0.287558, 0.447605
1803, 0.287628, 0.449620
1804, 0.287498, 0.413772
1805, 0.287548, 0.449135
1806, 0.288063, 0.477390
1807, 0.287517, 0.447008
1808, 0.282535, 0.412977
1809, 0.286638, 0.457105
1810, 0.286445, 0.455980
1811, 0.286295, 0.453303
1812, 0.293668, 0.416225
1813, 0.286322, 0.450595
1814, 0.286222, 0.456095
1815, 0.286208, 0.457898
1816, 0.285548, 0.412525
1817, 0.287657, 0.466595
1818, 0.287547, 0.461522
1819, 0.287665, 0.467035
1820, 0.287632, 0.425190
1821, 0.287493, 0.466463
1822, 0.287540, 0.473172
1823, 0.287637, 0.474270
1824, 0.261190, 0.415047
1825, 0.291767, 0.463343
1826, 0.291277, 0.464473
1827, 0.291158, 0.460320
1828, 0.290723, 0.414788
1829, 0.290812, 0.443800
1830, 0.291150, 0.454842
1831, 0.291210, 0.453322
1832, 0.290297, 0.415092
1833, 0.292938, 0.465805
1834, 0.292602, 0.459363
1835, 0.292472, 0.456278
1836, 0.292633, 0.420898
1837, 0.292497, 0.451488
1838, 0.292400, 0.463570
1839, 0.292772, 0.461787
1840, 0.288795, 0.420923
1841, 0.291925, 0.461755
1842, 0.291728, 0.462343
1843, 0.291828, 0.467295
1844, 0.291988, 0.427823
1845, 0.291953, 0.462157
1846, 0.291935, 0.470535
1847, 0.291675, 0.473273
1848, 0.291248, 0.421195
1849, 0.293098, 0.475963
1850, 0.293030, 0.472077
1851, 0.292967, 0.474255
1852, 0.293150, 0.431180
1853, 0.292895, 0.476735
1854, 0.293153, 0.481763
1855, 0.292982, 0.479080
1856, 0.265275, 0.429637
1857, 0.295857, 0.473592
1858, 0.295862, 0.469085
1859, 0.295848, 0.471088
1860, 0.296133, 0.427312
1861, 0.296072, 0.465973
1862, 0.295952, 0.465815
1863, 0.295935, 0.456750
1864, 0.295058, 0.437325
1865, 0.297703, 0.473725
1866, 0.297968, 0.470637
1867, 0.363805, 0.476172
1868, 0.298272, 0.431377
1869, 0.298410, 0.478290
1870, 0.298358, 0.471392
1871, 0.298168, 0.469558
1872, 0.294520, 0.432250
1873, 0.347630, 0.470925
1874, 0.296642, 0.472600
1875, 0.296743, 0.475543
1876, 0.296552, 0.436383
1877, 0.296708, 0.483735
1878, 0.297767, 0.490648
1879, 0.296740, 0.484727
1880, 0.296310, 0.430933
1881, 0.298073, 0.490707
1882, 0.297822, 0.487830
1883, 0.297793, 0.493655
1884, 0.297973, 0.444512
1885, 0.297827, 0.498353
1886, 0.298115, 0.495453
1887, 0.297867, 0.497943
1888, 0.269815, 0.438825
1889, 0.300690, 0.472320
1890, 0.300548, 0.477100
1891, 0.300305, 0.473042
1892, 0.300595, 0.434917
1893, 0.300660, 0.467718
1894, 0.300975, 0.462508
1895, 0.300677, 0.463740
1896, 0.299815, 0.419612
1897, 0.302140, 0.467925
1898, 0.302050, 0.471710
1899, 0.302237, 0.470918
1900, 0.302222, 0.436100
1901, 0.302227, 0.471085
1902, 0.302235, 0.473603
1903, 0.301838, 0.472067
1904, 0.297885, 0.421022
1905, 0.300687, 0.480975
1906, 0.301272, 0.475237
1907, 0.301708, 0.480407
1908, 0.357188, 0.456917
1909, 0.309767, 0.495110
1910, 0.301005, 0.485532
1911, 0.300417, 0.490507
1912, 0.300862, 0.427535
1913, 0.302198, 0.481370
1914, 0.302283, 0.493150
1915, 0.302592, 0.490423
1916, 0.302442, 0.441227
1917, 0.310125, 0.501523
1918, 0.302418, 0.497948
1919, 0.302163, 0.500740
1920, 0.273755, 0.436835
1921, 0.341505, 0.491818
1922, 0.304715, 0.491455
1923, 0.305015, 0.503557
1924, 0.304903, 0.460527
1925, 0.304965, 0.480867
1926, 0.304953, 0.487470
1927, 0.304955, 0.487125
1928, 0.304230, 0.439755
1929, 0.344862, 0.491903
1930, 0.306455, 0.490032
1931, 0.306888, 0.499145
1932, 0.306438, 0.457685
1933, 0.306472, 0.485898
1934, 0.306657, 0.490890
1935, 0.306698, 0.495640
1936, 0.302423, 0.448710
1937, 0.305945, 0.499065
1938, 0.306457, 0.493668
1939, 0.306007, 0.504778
1940, 0.306158, 0.465027
1941, 0.305783, 0.504368
1942, 0.305652, 0.506438
1943, 0.305923, 0.500493
1944, 0.305423, 0.453280
1945, 0.307682, 0.504388
1946, 0.307823, 0.519302
1947, 0.311372, 0.517965
1948, 0.307965, 0.463912
1949, 0.360272, 0.524152
1950, 0.307352, 0.516380
1951, 0.307408, 0.519673
1952, 0.278510, 0.462780
1953, 0.309863, 0.503153
1954, 0.309632, 0.517195
1955, 0.309608, 0.508445
1956, 0.309467, 0.462118
1957, 0.309598, 0.487527
1958, 0.309727, 0.497657
1959, 0.309555, 0.494353
1960, 0.309158, 0.449327
1961, 0.311468, 0.497245
1962, 0.311258, 0.506575
1963, 0.311698, 0.504327
1964, 0.311570, 0.465735
1965, 0.311505, 0.495072
1966, 0.311350, 0.499465
1967, 0.311288, 0.498980
1968, 0.308232, 0.445232
1969, 0.311183, 0.512432
1970, 0.311522, 0.515887
1971, 0.344512, 0.511235
1972, 0.311200, 0.475617
1973, 0.310835, 0.513293
1974, 0.311203, 0.519062
1975, 0.311098, 0.517360
1976, 0.310535, 0.459327
1977, 0.312682, 0.521255
1978, 0.312483, 0.523625
1979, 0.312383, 0.523393
1980, 0.312288, 0.474132
1981, 0.312393, 0.522333
1982, 0.312635, 0.521885
1983, 0.312467, 0.517480
1984, 0.283475, 0.464272
1985, 0.316142, 0.578093
1986, 0.315730, 0.525810
1987, 0.315457, 0.524797
1988, 0.315600, 0.478960
1989, 0.315498, 0.512878
1990, 0.315478, 0.508487
1991, 0.315452, 0.509537
1992, 0.314483, 0.462588
1993, 0.316938, 0.519208
1994, 0.317107, 0.517893
1995, 0.316943, 0.517448
1996, 0.317157, 0.484290
1997, 0.317153, 0.514657
1998, 0.317127, 0.510590
1999, 0.317058, 0.512140
