0, 128, 0, 0
32, 0.042433, 0.038312
33, 0.041067, 0.042028
34, 0.039975, 0.037773
35, 0.041267, 0.037290
36, 0.040073, 0.037880
37, 0.039952, 0.037380
38, 0.039727, 0.037652
39, 0.039473, 0.037552
40, 0.039667, 0.037623
41, 0.040282, 0.037192
42, 0.048850, 0.037423
43, 0.044190, 0.048948
44, 0.038137, 0.044970
45, 0.037477, 0.049940
46, 0.037910, 0.047868
47, 0.037525, 0.049643
48, 0.037505, 0.045862
49, 0.037033, 0.047603
50, 0.037130, 0.047750
51, 0.036868, 0.049065
52, 0.045963, 0.046483
53, 0.039720, 0.049950
54, 0.036977, 0.042983
55, 0.037425, 0.039385
56, 0.037495, 0.037195
57, 0.037367, 0.040012
58, 0.037260, 0.038537
59, 0.037275, 0.040693
60, 0.037338, 0.038630
61, 0.037477, 0.041512
62, 0.037412, 0.048637
63, 0.040077, 0.041297
64, 0.038288, 0.039160
65, 0.037702, 0.043133
66, 0.037468, 0.043293
67, 0.037828, 0.039787
68, 0.037862, 0.036077
69, 0.037477, 0.036777
70, 0.037375, 0.037023
71, 0.037193, 0.036953
72, 0.037113, 0.048193
73, 0.037143, 0.037015
74, 0.037092, 0.036743
75, 0.037327, 0.057785
76, 0.032890, 0.039853
77, 0.055635, 0.054512
78, 0.054602, 0.054320
79, 0.057583, 0.065418
80, 0.060112, 0.172843
81, 0.037072, 0.044785
82, 0.065402, 0.063013
83, 0.048338, 0.045155
84, 0.037935, 0.044003
85, 0.041272, 0.045578
86, 0.036890, 0.045827
87, 0.036823, 0.045828
88, 0.034580, 0.036203
89, 0.087653, 0.037070
90, 0.031713, 0.053850
91, 0.043077, 0.037495
92, 0.046623, 0.041710
93, 0.055753, 0.037943
94, 0.043683, 0.037970
95, 0.041590, 0.038308
96, 0.044815, 0.039980
97, 0.041782, 0.045790
98, 0.040090, 0.038992
99, 0.053773, 0.047758
100, 0.048830, 0.046385
101, 0.031958, 0.031892
102, 0.057242, 0.045595
103, 0.058873, 0.049510
104, 0.036978, 0.031752
105, 0.031332, 0.032112
106, 0.044253, 0.039975
107, 0.040920, 0.039500
108, 0.044885, 0.047715
109, 0.048540, 0.043288
110, 0.088472, 0.148138
111, 0.039368, 0.158370
112, 0.035237, 0.039597
113, 0.031560, 0.042218
114, 0.042038, 0.038393
115, 0.035812, 0.036120
116, 0.041218, 0.037343
117, 0.037498, 0.039112
118, 0.038842, 0.045493
119, 0.031753, 0.038105
120, 0.052223, 0.051828
121, 0.051793, 0.055078
122, 0.052130, 0.052398
123, 0.052330, 0.061165
124, 0.051728, 0.052113
125, 0.051763, 0.051535
126, 0.052563, 0.051422
127, 0.052062, 0.142225
128, 0.032437, 0.103120
129, 0.036597, 0.052412
130, 0.036523, 0.052810
131, 0.036632, 0.052955
132, 0.046290, 0.050327
133, 0.036447, 0.052822
134, 0.045672, 0.052753
135, 0.036663, 0.053030
136, 0.037283, 0.050548
137, 0.036428, 0.053938
138, 0.037890, 0.046022
139, 0.056060, 0.052082
140, 0.055462, 0.100775
141, 0.036440, 0.048685
142, 0.036580, 0.046763
143, 0.036690, 0.046915
144, 0.046138, 0.043647
145, 0.036005, 0.046827
146, 0.036845, 0.046962
147, 0.035765, 0.047572
148, 0.036065, 0.044925
149, 0.031273, 0.040858
150, 0.057713, 0.041183
151, 0.040135, 0.041315
152, 0.037100, 0.039895
153, 0.037905, 0.042080
154, 0.037097, 0.049795
155, 0.037022, 0.041508
156, 0.036965, 0.039350
157, 0.036980, 0.042633
158, 0.037087, 0.042603
159, 0.036915, 0.042060
160, 0.037030, 0.041718
161, 0.034135, 0.037710
162, 0.051618, 0.051302
163, 0.053215, 0.056367
164, 0.057277, 0.161298
165, 0.041953, 0.039787
166, 0.040713, 0.039498
167, 0.040750, 0.040997
168, 0.040142, 0.039335
169, 0.040150, 0.039493
170, 0.040043, 0.052793
171, 0.036062, 0.089017
172, 0.038967, 0.047125
173, 0.039207, 0.051205
174, 0.040263, 0.051017
175, 0.049112, 0.051407
176, 0.040692, 0.048053
177, 0.039193, 0.051822
178, 0.039435, 0.051558
179, 0.039403, 0.052095
180, 0.039373, 0.048453
181, 0.041295, 0.040763
182, 0.040075, 0.040118
183, 0.039975, 0.040112
184, 0.040113, 0.050558
185, 0.050273, 0.039885
186, 0.039835, 0.040030
187, 0.039863, 0.040007
188, 0.039847, 0.041742
189, 0.040112, 0.039920
190, 0.039953, 0.043188
191, 0.039925, 0.039705
192, 0.040677, 0.043252
193, 0.034487, 0.038005
194, 0.056748, 0.057955
195, 0.056702, 0.066738
196, 0.056987, 0.058367
197, 0.056967, 0.056840
198, 0.057180, 0.056955
199, 0.056482, 0.056875
200, 0.059700, 0.056768
201, 0.041158, 0.090073
202, 0.039328, 0.049005
203, 0.039342, 0.049297
204, 0.039758, 0.046228
205, 0.039192, 0.055312
206, 0.038972, 0.049608
207, 0.039287, 0.049645
208, 0.040528, 0.046532
209, 0.039148, 0.050090
210, 0.042378, 0.050212
211, 0.040117, 0.050453
212, 0.040930, 0.041805
213, 0.061313, 0.058122
214, 0.061903, 0.058188
215, 0.062008, 0.067537
216, 0.061922, 0.057158
217, 0.065630, 0.045197
218, 0.039272, 0.045103
219, 0.039070, 0.045293
220, 0.040380, 0.042398
221, 0.039230, 0.045508
222, 0.039617, 0.045582
223, 0.040075, 0.046530
224, 0.063513, 0.076932
225, 0.048105, 0.046627
226, 0.059687, 0.048290
227, 0.047897, 0.046658
228, 0.048017, 0.047682
229, 0.048057, 0.052557
230, 0.048015, 0.046608
231, 0.047902, 0.046342
232, 0.047807, 0.052277
233, 0.042415, 0.050080
234, 0.048027, 0.046928
235, 0.048043, 0.046975
236, 0.062420, 0.046813
237, 0.055067, 0.047478
238, 0.048080, 0.047328
239, 0.048298, 0.055885
240, 0.047733, 0.047073
241, 0.046083, 0.046978
242, 0.046115, 0.050027
243, 0.042223, 0.049517
244, 0.047190, 0.047008
245, 0.046483, 0.046717
246, 0.048102, 0.058207
247, 0.046658, 0.046930
248, 0.047032, 0.047640
249, 0.052113, 0.046562
250, 0.046672, 0.046732
251, 0.046915, 0.046513
252, 0.046807, 0.052878
253, 0.041845, 0.073987
254, 0.047253, 0.046485
255, 0.047235, 0.049582
256, 0.047462, 0.059527
257, 0.052170, 0.049837
258, 0.052168, 0.051555
259, 0.056017, 0.050788
260, 0.052222, 0.046825
261, 0.052187, 0.050767
262, 0.055157, 0.045470
263, 0.069127, 0.070502
264, 0.069932, 0.075128
265, 0.068858, 0.070337
266, 0.069242, 0.070875
267, 0.080872, 0.070158
268, 0.069510, 0.082478
269, 0.058280, 0.069747
270, 0.069075, 0.069087
271, 0.149252, 0.057262
272, 0.055007, 0.053815
273, 0.059545, 0.058345
274, 0.059840, 0.059288
275, 0.059843, 0.059420
276, 0.059638, 0.055612
277, 0.060217, 0.081403
278, 0.141678, 0.060137
279, 0.066480, 0.057470
280, 0.064962, 0.055615
281, 0.065542, 0.055655
282, 0.065437, 0.058457
283, 0.065510, 0.066672
284, 0.057793, 0.086040
285, 0.082497, 0.090632
286, 0.083265, 0.090725
287, 0.099702, 0.091263
288, 0.085138, 0.088082
289, 0.058758, 0.087062
290, 0.085600, 0.083743
291, 0.084230, 0.082865
292, 0.111208, 0.059702
293, 0.076765, 0.062130
294, 0.076808, 0.062733
295, 0.076295, 0.063660
296, 0.072390, 0.057718
297, 0.069068, 0.072048
298, 0.069175, 0.061593
299, 0.070008, 0.056588
300, 0.068893, 0.055358
301, 0.069277, 0.057797
302, 0.069048, 0.057312
303, 0.069012, 0.063752
304, 0.058138, 0.090805
305, 0.082043, 0.075512
306, 0.063302, 0.054810
307, 0.061418, 0.069598
308, 0.066127, 0.057765
309, 0.061577, 0.055243
310, 0.061445, 0.057465
311, 0.070763, 0.079658
312, 0.054940, 0.056660
313, 0.055787, 0.057518
314, 0.055143, 0.056043
315, 0.055127, 0.056025
316, 0.055028, 0.056667
317, 0.055350, 0.055873
318, 0.073565, 0.056148
319, 0.057722, 0.057390
320, 0.059652, 0.065710
321, 0.063180, 0.067762
322, 0.063680, 0.068498
323, 0.063083, 0.096583
324, 0.111568, 0.064988
325, 0.061813, 0.069243
326, 0.061978, 0.064432
327, 0.061603, 0.070722
328, 0.078862, 0.065000
329, 0.063047, 0.064395
330, 0.058165, 0.070765
331, 0.061942, 0.065082
332, 0.061782, 0.064810
333, 0.063815, 0.065323
334, 0.062010, 0.065945
335, 0.062200, 0.069580
336, 0.061880, 0.095703
337, 0.071527, 0.085147
338, 0.074367, 0.175627
339, 0.070653, 0.064618
340, 0.062545, 0.065000
341, 0.064712, 0.064645
342, 0.076897, 0.064472
343, 0.062700, 0.067945
344, 0.062548, 0.069668
345, 0.060905, 0.097947
346, 0.146840, 0.065048
347, 0.061675, 0.073268
348, 0.065173, 0.100447
349, 0.060445, 0.103452
350, 0.197830, 0.098712
351, 0.101315, 0.173062
352, 0.061037, 0.100215
353, 0.099750, 0.098517
354, 0.100232, 0.115733
355, 0.110193, 0.221230
356, 0.083247, 0.086137
357, 0.160853, 0.243008
358, 0.100882, 0.171877
359, 0.214057, 0.197128
360, 0.187422, 0.097768
361, 0.213675, 0.097827
362, 0.095780, 0.096738
363, 0.101928, 0.096693
364, 0.107448, 0.106572
365, 0.112032, 0.089267
366, 0.082483, 0.064870
367, 0.083083, 0.064535
368, 0.081630, 0.064668
369, 0.092190, 0.068802
370, 0.085975, 0.064063
371, 0.086225, 0.077698
372, 0.064965, 0.099517
373, 0.113250, 0.065092
374, 0.065565, 0.064827
375, 0.065048, 0.067283
376, 0.065177, 0.064823
377, 0.071773, 0.065260
378, 0.067217, 0.066335
379, 0.080848, 0.066098
380, 0.070540, 0.066088
381, 0.065453, 0.066303
382, 0.065868, 0.067818
383, 0.065793, 0.066062
384, 0.064185, 0.065670
385, 0.069313, 0.065077
386, 0.067593, 0.070493
387, 0.069460, 0.064577
388, 0.067612, 0.079822
389, 0.072222, 0.095107
390, 0.073082, 0.075442
391, 0.072480, 0.078443
392, 0.074058, 0.076107
393, 0.072153, 0.078100
394, 0.072757, 0.090110
395, 0.072187, 0.078488
396, 0.073213, 0.086342
397, 0.071733, 0.078027
398, 0.072237, 0.075423
399, 0.071792, 0.095627
400, 0.075728, 0.077773
401, 0.072645, 0.080405
402, 0.072430, 0.074763
403, 0.072028, 0.081168
404, 0.072560, 0.075770
405, 0.072237, 0.076278
406, 0.075388, 0.075367
407, 0.072202, 0.075575
408, 0.075280, 0.076472
409, 0.072650, 0.074977
410, 0.093317, 0.075297
411, 0.072655, 0.075452
412, 0.074457, 0.075822
413, 0.072752, 0.075157
414, 0.074792, 0.079157
415, 0.072112, 0.074997
416, 0.081688, 0.075322
417, 0.073333, 0.074703
418, 0.074940, 0.074672
419, 0.074352, 0.074600
420, 0.092550, 0.075718
421, 0.073128, 0.074633
422, 0.073427, 0.077060
423, 0.073315, 0.075927
424, 0.073030, 0.077445
425, 0.073558, 0.074410
426, 0.080570, 0.079855
427, 0.072452, 0.062108
428, 0.072587, 0.058583
429, 0.072538, 0.062647
430, 0.072303, 0.067637
431, 0.072635, 0.063072
432, 0.071320, 0.058552
433, 0.075162, 0.064382
434, 0.074930, 0.064073
435, 0.074867, 0.064667
436, 0.075172, 0.060638
437, 0.074948, 0.063442
438, 0.075122, 0.063413
439, 0.074880, 0.064250
440, 0.074713, 0.060902
441, 0.075102, 0.064218
442, 0.075047, 0.063695
443, 0.075277, 0.064118
444, 0.074982, 0.060533
445, 0.075205, 0.064610
446, 0.075240, 0.064092
447, 0.075122, 0.064337
448, 0.073840, 0.060317
449, 0.077050, 0.065653
450, 0.077360, 0.065685
451, 0.077395, 0.065942
452, 0.077408, 0.062438
453, 0.077325, 0.064793
454, 0.077410, 0.064832
455, 0.077457, 0.065367
456, 0.076713, 0.062397
457, 0.077672, 0.065768
458, 0.077558, 0.065467
459, 0.133025, 0.066075
460, 0.078115, 0.064237
461, 0.078038, 0.066737
462, 0.077797, 0.066467
463, 0.077913, 0.066747
464, 0.132587, 0.186222
465, 0.081973, 0.071383
466, 0.082262, 0.181078
467, 0.081897, 0.071932
468, 0.082395, 0.067770
469, 0.082095, 0.070747
470, 0.183978, 0.067625
471, 0.084873, 0.068313
472, 0.113940, 0.064317
473, 0.080703, 0.067642
474, 0.080815, 0.067857
475, 0.080448, 0.067888
476, 0.080648, 0.064248
477, 0.080595, 0.159245
478, 0.080738, 0.067988
479, 0.080698, 0.068043
480, 0.078925, 0.064123
481, 0.082535, 0.063483
482, 0.082862, 0.063667
483, 0.082573, 0.063858
484, 0.082942, 0.062642
485, 0.082775, 0.163885
486, 0.082375, 0.064242
487, 0.082598, 0.064590
488, 0.082292, 0.195925
489, 0.082728, 0.071110
490, 0.084983, 0.187925
491, 0.084717, 0.067773
492, 0.201873, 0.062788
493, 0.084838, 0.068275
494, 0.084940, 0.115537
495, 0.082960, 0.065658
496, 0.081465, 0.060137
497, 0.085397, 0.065998
498, 0.085493, 0.066132
499, 0.085387, 0.070282
500, 0.085517, 0.062295
501, 0.085505, 0.066555
502, 0.085342, 0.066542
503, 0.165805, 0.092432
504, 0.087780, 0.191422
505, 0.087110, 0.069947
506, 0.150738, 0.069872
507, 0.087675, 0.070373
508, 0.153708, 0.065095
509, 0.087565, 0.177245
510, 0.183002, 0.066827
511, 0.085263, 0.067305
512, 0.083863, 0.061502
513, 0.087645, 0.199732
514, 0.087568, 0.071337
515, 0.087827, 0.072907
516, 0.087715, 0.069608
517, 0.205810, 0.071682
518, 0.087777, 0.070820
519, 0.087888, 0.071563
520, 0.087525, 0.069123
521, 0.088218, 0.072047
522, 0.173095, 0.070878
523, 0.088193, 0.071832
524, 0.088188, 0.068588
525, 0.088195, 0.092495
526, 0.088238, 0.071402
527, 0.088118, 0.187632
528, 0.088992, 0.070752
529, 0.092418, 0.077203
530, 0.092748, 0.124040
531, 0.092753, 0.077473
532, 0.100290, 0.085205
533, 0.102220, 0.088907
534, 0.102432, 0.089783
535, 0.102420, 0.087572
536, 0.102090, 0.083968
537, 0.096423, 0.077872
538, 0.092355, 0.077737
539, 0.092685, 0.076307
540, 0.091660, 0.072562
541, 0.091935, 0.077670
542, 0.091833, 0.074993
543, 0.089633, 0.072515
544, 0.088762, 0.068262
545, 0.092250, 0.075098
546, 0.092558, 0.075940
547, 0.092347, 0.076312
548, 0.092648, 0.070360
549, 0.092222, 0.074562
550, 0.092668, 0.074615
551, 0.092388, 0.075173
552, 0.096790, 0.070463
553, 0.092647, 0.074672
554, 0.092800, 0.074982
555, 0.092613, 0.075643
556, 0.092888, 0.068857
557, 0.092510, 0.074562
558, 0.092880, 0.074315
559, 0.092573, 0.074890
560, 0.091058, 0.070277
561, 0.094790, 0.076822
562, 0.094885, 0.076840
563, 0.094878, 0.078087
564, 0.095037, 0.073618
565, 0.094797, 0.077597
566, 0.095215, 0.075277
567, 0.095015, 0.077203
568, 0.094433, 0.072185
569, 0.095848, 0.078723
570, 0.095333, 0.076602
571, 0.095232, 0.077355
572, 0.095302, 0.072300
573, 0.095438, 0.078717
574, 0.095342, 0.075952
575, 0.095357, 0.076697
576, 0.093305, 0.070505
577, 0.097630, 0.081660
578, 0.097440, 0.079393
579, 0.097487, 0.080298
580, 0.097377, 0.076698
581, 0.097562, 0.079968
582, 0.097263, 0.079388
583, 0.097630, 0.080203
584, 0.096660, 0.075732
585, 0.098038, 0.080087
586, 0.098162, 0.078230
587, 0.098268, 0.078337
588, 0.098122, 0.073348
589, 0.098112, 0.079637
590, 0.098197, 0.079867
591, 0.098217, 0.080245
592, 0.096195, 0.075377
593, 0.100217, 0.081763
594, 0.100607, 0.083300
595, 0.100237, 0.083327
596, 0.100595, 0.079525
597, 0.100098, 0.081070
598, 0.100535, 0.083350
599, 0.100332, 0.081873
600, 0.099962, 0.209095
601, 0.102713, 0.085425
602, 0.102965, 0.085665
603, 0.102895, 0.085782
604, 0.102970, 0.088020
605, 0.222652, 0.080622
606, 0.100602, 0.080827
607, 0.100742, 0.081277
608, 0.098383, 0.075352
609, 0.102855, 0.083378
610, 0.102578, 0.083545
611, 0.102590, 0.084493
612, 0.102837, 0.079150
613, 0.102828, 0.082963
614, 0.102973, 0.083130
615, 0.102700, 0.083835
616, 0.102397, 0.075778
617, 0.103082, 0.081307
618, 0.103067, 0.081390
619, 0.102907, 0.081937
620, 0.103162, 0.075745
621, 0.184602, 0.082092
622, 0.102760, 0.082320
623, 0.103255, 0.082452
624, 0.100967, 0.077817
625, 0.105485, 0.086187
626, 0.206883, 0.086217
627, 0.105687, 0.161350
628, 0.105222, 0.079560
629, 0.105458, 0.180512
630, 0.105058, 0.085407
631, 0.105378, 0.085827
632, 0.105012, 0.156708
633, 0.121422, 0.085247
634, 0.105653, 0.126663
635, 0.105792, 0.182745
636, 0.107903, 0.080912
637, 0.108135, 0.088597
638, 0.108065, 0.088403
639, 0.108280, 0.089072
640, 0.107245, 0.081338
641, 0.107800, 0.095260
642, 0.107760, 0.094740
643, 0.107775, 0.095670
644, 0.108103, 0.089555
645, 0.107632, 0.094953
646, 0.107888, 0.173907
647, 0.107487, 0.093145
648, 0.107080, 0.086172
649, 0.108228, 0.092452
650, 0.108390, 0.092918
651, 0.107950, 0.092938
652, 0.108332, 0.086608
653, 0.107977, 0.093690
654, 0.108090, 0.093557
655, 0.108232, 0.094190
656, 0.106222, 0.088710
657, 0.115557, 0.097765
658, 0.110613, 0.098603
659, 0.110453, 0.182058
660, 0.110073, 0.091682
661, 0.110708, 0.208008
662, 0.110803, 0.105035
663, 0.113225, 0.099758
664, 0.183657, 0.188417
665, 0.112817, 0.100885
666, 0.190842, 0.096612
667, 0.111007, 0.095050
668, 0.111275, 0.090798
669, 0.111150, 0.096057
670, 0.110853, 0.189352
671, 0.110943, 0.096208
672, 0.108785, 0.187387
673, 0.112758, 0.098623
674, 0.112743, 0.098983
675, 0.112880, 0.099848
676, 0.112943, 0.090583
677, 0.112817, 0.096025
678, 0.112887, 0.095578
679, 0.112915, 0.096172
680, 0.112290, 0.089127
681, 0.113303, 0.095675
682, 0.113115, 0.095797
683, 0.112917, 0.095763
684, 0.113415, 0.090163
685, 0.113070, 0.097020
686, 0.113295, 0.105107
687, 0.157500, 0.102425
688, 0.115117, 0.095938
689, 0.118520, 0.151670
690, 0.118548, 0.100340
691, 0.115513, 0.153897
692, 0.115472, 0.095653
693, 0.115490, 0.099745
694, 0.115528, 0.098570
695, 0.114435, 0.098718
696, 0.114392, 0.093298
697, 0.117202, 0.102980
698, 0.115632, 0.098115
699, 0.115682, 0.098153
700, 0.115182, 0.091687
701, 0.115647, 0.099123
702, 0.115947, 0.099793
703, 0.115730, 0.099260
704, 0.113085, 0.091118
705, 0.117537, 0.105467
706, 0.117257, 0.102405
707, 0.117440, 0.102153
708, 0.117495, 0.093928
709, 0.117310, 0.110600
710, 0.117533, 0.101420
711, 0.117697, 0.101812
712, 0.116530, 0.093100
713, 0.117752, 0.100525
714, 0.117825, 0.102010
715, 0.118038, 0.102118
716, 0.118307, 0.094695
717, 0.118333, 0.102790
718, 0.118058, 0.103505
719, 0.118155, 0.103618
720, 0.153767, 0.096270
721, 0.120717, 0.104627
722, 0.120873, 0.221398
723, 0.127505, 0.110673
724, 0.123668, 0.213368
725, 0.123632, 0.108993
726, 0.123422, 0.112085
727, 0.120522, 0.105790
728, 0.120288, 0.099110
729, 0.121167, 0.103752
730, 0.120957, 0.103212
731, 0.121073, 0.103493
732, 0.121097, 0.095118
733, 0.121043, 0.105702
734, 0.121160, 0.105213
735, 0.121220, 0.105602
736, 0.118372, 0.094817
737, 0.122975, 0.102952
738, 0.123247, 0.103970
739, 0.122630, 0.104502
740, 0.122933, 0.094205
741, 0.123060, 0.103965
742, 0.122908, 0.104207
743, 0.123125, 0.104172
744, 0.122423, 0.091803
745, 0.123308, 0.205837
746, 0.123110, 0.102827
747, 0.213335, 0.103633
748, 0.123667, 0.092963
749, 0.123410, 0.202985
750, 0.123377, 0.106128
751, 0.123435, 0.106255
752, 0.121148, 0.093680
753, 0.125807, 0.107335
754, 0.125700, 0.108322
755, 0.125883, 0.108642
756, 0.125840, 0.097613
757, 0.125490, 0.106442
758, 0.125202, 0.107075
759, 0.125485, 0.107708
760, 0.124858, 0.093715
761, 0.125850, 0.105518
762, 0.134665, 0.105365
763, 0.126285, 0.106228
764, 0.125832, 0.095588
765, 0.125945, 0.173170
766, 0.125747, 0.106767
767, 0.126122, 0.107130
768, 0.123158, 0.173537
769, 0.127813, 0.117360
770, 0.127863, 0.117957
771, 0.128198, 0.117878
772, 0.127765, 0.107657
773, 0.127958, 0.117658
774, 0.127955, 0.116627
775, 0.128053, 0.117212
776, 0.127195, 0.106175
777, 0.128132, 0.117515
778, 0.128340, 0.116930
779, 0.128375, 0.118390
780, 0.128245, 0.108420
781, 0.128170, 0.119728
782, 0.128397, 0.119718
783, 0.128478, 0.201937
784, 0.125530, 0.108570
785, 0.130455, 0.121468
786, 0.130495, 0.122180
787, 0.130793, 0.121198
788, 0.130983, 0.112753
789, 0.130358, 0.121460
790, 0.130545, 0.168302
791, 0.256068, 0.125217
792, 0.133470, 0.112295
793, 0.133952, 0.125333
794, 0.133932, 0.125800
795, 0.133958, 0.119602
796, 0.131263, 0.108868
797, 0.213775, 0.121778
798, 0.130972, 0.120773
799, 0.131277, 0.120397
800, 0.128205, 0.107015
801, 0.132560, 0.123787
802, 0.132923, 0.123460
803, 0.133107, 0.124713
804, 0.191122, 0.109563
805, 0.132930, 0.122355
806, 0.132698, 0.122592
807, 0.133043, 0.122798
808, 0.132372, 0.194665
809, 0.133393, 0.123460
810, 0.133230, 0.123672
811, 0.133177, 0.124788
812, 0.133283, 0.115182
813, 0.214190, 0.124830
814, 0.195470, 0.134072
815, 0.133667, 0.125342
816, 0.131182, 0.111625
817, 0.136158, 0.128898
818, 0.135805, 0.129233
819, 0.135800, 0.178687
820, 0.135387, 0.297093
821, 0.206727, 0.127000
822, 0.136548, 0.125158
823, 0.135582, 0.126102
824, 0.134893, 0.111218
825, 0.136158, 0.125525
826, 0.135980, 0.214213
827, 0.136077, 0.126418
828, 0.135778, 0.111683
829, 0.135900, 0.151632
830, 0.136278, 0.127650
831, 0.136365, 0.186522
832, 0.132995, 0.109733
833, 0.138025, 0.129973
834, 0.137925, 0.156757
835, 0.137813, 0.129027
836, 0.192962, 0.114902
837, 0.138200, 0.128368
838, 0.138125, 0.128707
839, 0.138385, 0.129473
840, 0.137315, 0.115560
841, 0.138452, 0.129733
842, 0.138655, 0.130663
843, 0.140677, 0.131750
844, 0.139007, 0.116810
845, 0.138452, 0.130468
846, 0.138403, 0.131795
847, 0.138510, 0.132097
848, 0.135902, 0.118255
849, 0.240468, 0.134310
850, 0.140952, 0.135238
851, 0.140915, 0.135648
852, 0.140622, 0.120572
853, 0.140448, 0.131903
854, 0.140587, 0.132487
855, 0.140693, 0.132540
856, 0.139972, 0.115927
857, 0.141163, 0.132407
858, 0.141005, 0.132808
859, 0.140720, 0.133037
860, 0.141260, 0.117313
861, 0.141160, 0.236667
862, 0.141248, 0.133635
863, 0.141220, 0.133720
864, 0.138203, 0.115225
865, 0.142813, 0.133763
866, 0.143083, 0.133857
867, 0.149222, 0.155458
868, 0.143100, 0.113907
869, 0.143407, 0.132553
870, 0.143182, 0.132562
871, 0.143182, 0.133730
872, 0.142145, 0.114537
873, 0.143398, 0.134862
874, 0.143670, 0.135530
875, 0.143778, 0.135503
876, 0.143525, 0.114107
877, 0.143333, 0.136410
878, 0.143390, 0.136627
879, 0.143447, 0.136995
880, 0.140708, 0.116648
881, 0.146047, 0.139773
882, 0.145922, 0.139732
883, 0.145657, 0.141028
884, 0.145672, 0.116498
885, 0.145865, 0.136083
886, 0.145903, 0.136498
887, 0.145880, 0.136620
888, 0.145283, 0.115488
889, 0.146215, 0.137103
890, 0.146177, 0.137805
891, 0.197658, 0.137823
892, 0.146223, 0.116245
893, 0.146407, 0.138218
894, 0.146322, 0.138110
895, 0.146353, 0.138768
896, 0.175608, 0.112325
897, 0.147728, 0.153283
898, 0.148170, 0.152450
899, 0.148247, 0.153580
900, 0.232935, 0.134813
901, 0.148167, 0.152788
902, 0.149153, 0.152538
903, 0.233677, 0.153673
904, 0.147355, 0.135092
905, 0.148520, 0.154125
906, 0.148732, 0.154007
907, 0.148967, 0.154123
908, 0.148732, 0.134105
909, 0.148968, 0.155207
910, 0.148658, 0.156080
911, 0.148735, 0.238490
912, 0.231065, 0.133812
913, 0.220820, 0.159383
914, 0.151500, 0.159368
915, 0.151527, 0.159308
916, 0.151458, 0.135588
917, 0.151113, 0.157820
918, 0.151407, 0.157093
919, 0.151508, 0.164463
920, 0.150742, 0.135935
921, 0.151698, 0.158612
922, 0.152558, 0.157592
923, 0.152258, 0.157617
924, 0.152317, 0.135687
925, 0.152288, 0.159395
926, 0.251818, 0.158830
927, 0.295678, 0.164357
928, 0.155118, 0.138230
929, 0.157125, 0.166617
930, 0.153710, 0.159310
931, 0.153872, 0.160035
932, 0.153747, 0.138908
933, 0.153768, 0.158572
934, 0.153958, 0.159018
935, 0.153980, 0.159900
936, 0.153105, 0.140155
937, 0.153923, 0.160493
938, 0.153870, 0.158375
939, 0.153935, 0.161680
940, 0.212867, 0.197480
941, 0.154077, 0.161837
942, 0.153985, 0.162435
943, 0.153842, 0.161948
944, 0.151197, 0.137988
945, 0.214088, 0.166968
946, 0.156372, 0.165275
947, 0.156120, 0.166077
948, 0.156308, 0.140237
949, 0.156240, 0.163873
950, 0.180813, 0.164787
951, 0.156110, 0.165693
952, 0.155155, 0.139845
953, 0.156260, 0.165710
954, 0.156708, 0.164627
955, 0.156645, 0.165087
956, 0.156690, 0.139277
957, 0.156905, 0.166188
958, 0.157092, 0.165347
959, 0.156893, 0.166137
960, 0.153542, 0.138578
961, 0.158370, 0.168285
962, 0.158633, 0.168962
963, 0.158592, 0.170160
964, 0.159285, 0.144397
965, 0.158712, 0.166495
966, 0.158672, 0.166897
967, 0.234127, 0.167635
968, 0.157792, 0.146185
969, 0.158887, 0.166730
970, 0.159128, 0.168672
971, 0.159078, 0.169115
972, 0.166900, 0.145517
973, 0.159092, 0.169832
974, 0.159090, 0.169992
975, 0.159025, 0.170362
976, 0.156217, 0.145213
977, 0.162023, 0.173343
978, 0.161803, 0.174033
979, 0.161678, 0.175165
980, 0.161648, 0.147847
981, 0.161648, 0.171693
982, 0.161603, 0.172838
983, 0.161705, 0.172950
984, 0.160825, 0.145065
985, 0.194630, 0.172100
986, 0.162258, 0.174112
987, 0.162153, 0.174085
988, 0.162005, 0.213862
989, 0.162245, 0.174785
990, 0.162102, 0.244002
991, 0.161958, 0.174450
992, 0.158458, 0.143563
993, 0.163622, 0.171988
994, 0.164083, 0.173592
995, 0.163535, 0.172808
996, 0.163685, 0.144093
997, 0.163887, 0.170263
998, 0.163777, 0.169808
999, 0.163920, 0.169450
1000, 0.163182, 0.141268
1001, 0.164198, 0.171600
1002, 0.164192, 0.172937
1003, 0.164615, 0.171013
1004, 0.164195, 0.144315
1005, 0.164553, 0.174152
1006, 0.164377, 0.173762
1007, 0.232698, 0.173350
1008, 0.161103, 0.180107
1009, 0.188408, 0.177492
1010, 0.166420, 0.178143
1011, 0.166455, 0.179242
1012, 0.166290, 0.149323
1013, 0.166272, 0.177027
1014, 0.166460, 0.177213
1015, 0.166538, 0.223822
1016, 0.166410, 0.143818
1017, 0.167395, 0.177282
1018, 0.167515, 0.176198
1019, 0.167817, 0.179208
1020, 0.167672, 0.146703
1021, 0.205037, 0.181858
1022, 0.166517, 0.178915
1023, 0.167478, 0.181272
1024, 0.163560, 0.155690
1025, 0.168922, 0.183145
1026, 0.168972, 0.183415
1027, 0.168802, 0.184718
1028, 0.168845, 0.179383
1029, 0.168193, 0.179943
1030, 0.168637, 0.255188
1031, 0.168845, 0.181618
1032, 0.167790, 0.154097
1033, 0.169213, 0.183820
1034, 0.169278, 0.183627
1035, 0.169437, 0.183612
1036, 0.169588, 0.154623
1037, 0.169362, 0.185110
1038, 0.169513, 0.184172
1039, 0.169613, 0.184590
1040, 0.165872, 0.152993
1041, 0.171817, 0.190377
1042, 0.171583, 0.191173
1043, 0.171293, 0.189305
1044, 0.171277, 0.161223
1045, 0.171317, 0.187007
1046, 0.171187, 0.189052
1047, 0.170902, 0.187182
1048, 0.170052, 0.158030
1049, 0.171542, 0.191008
1050, 0.171688, 0.191032
1051, 0.172120, 0.189768
1052, 0.172255, 0.157610
1053, 0.172147, 0.192528
1054, 0.172120, 0.206542
1055, 0.172080, 0.192415
1056, 0.168497, 0.157480
1057, 0.173692, 0.192017
1058, 0.173443, 0.192588
1059, 0.173607, 0.192437
1060, 0.173865, 0.162758
1061, 0.173733, 0.186480
1062, 0.173523, 0.188658
1063, 0.173775, 0.190125
1064, 0.173062, 0.162943
1065, 0.174493, 0.190332
1066, 0.174228, 0.189997
1067, 0.174438, 0.190532
1068, 0.174412, 0.158958
1069, 0.174253, 0.190975
1070, 0.174048, 0.194460
1071, 0.174170, 0.193537
1072, 0.170600, 0.160287
1073, 0.175898, 0.198083
1074, 0.175665, 0.198062
1075, 0.176035, 0.199265
1076, 0.176248, 0.169150
1077, 0.180982, 0.195980
1078, 0.176457, 0.195502
1079, 0.176315, 0.196667
1080, 0.175535, 0.164672
1081, 0.176732, 0.197592
1082, 0.176600, 0.197302
1083, 0.176675, 0.197640
1084, 0.176568, 0.165713
1085, 0.176968, 0.197830
1086, 0.176787, 0.199638
1087, 0.176840, 0.199375
1088, 0.172923, 0.164228
1089, 0.178635, 0.202223
1090, 0.178590, 0.201340
1091, 0.178558, 0.200922
1092, 0.178597, 0.173982
1093, 0.178410, 0.199208
1094, 0.179027, 0.200028
1095, 0.178897, 0.200370
1096, 0.177808, 0.172418
1097, 0.179233, 0.200633
1098, 0.179062, 0.201045
1099, 0.178988, 0.201595
1100, 0.179180, 0.170713
1101, 0.179167, 0.203155
1102, 0.179497, 0.236443
1103, 0.180283, 0.204932
1104, 0.175522, 0.173175
1105, 0.181873, 0.227698
1106, 0.180932, 0.210083
1107, 0.180262, 0.210427
1108, 0.181297, 0.180117
1109, 0.181048, 0.205610
1110, 0.181005, 0.207450
1111, 0.180998, 0.207197
1112, 0.180293, 0.174582
1113, 0.181958, 0.207582
1114, 0.181882, 0.209250
1115, 0.181693, 0.208478
1116, 0.181515, 0.255132
1117, 0.181648, 0.211598
1118, 0.181883, 0.211792
1119, 0.181983, 0.210822
1120, 0.177613, 0.175740
1121, 0.183177, 0.199727
1122, 0.183022, 0.199690
1123, 0.183197, 0.199493
1124, 0.183552, 0.169477
1125, 0.183568, 0.198243
1126, 0.183475, 0.198038
1127, 0.183390, 0.198010
1128, 0.182310, 0.166952
1129, 0.183632, 0.205017
1130, 0.183753, 0.199670
1131, 0.183775, 0.197258
1132, 0.183978, 0.169027
1133, 0.184448, 0.202053
1134, 0.184107, 0.201172
1135, 0.184083, 0.202627
1136, 0.180053, 0.168668
1137, 0.230840, 0.204647
1138, 0.186285, 0.205228
1139, 0.186117, 0.205257
1140, 0.186262, 0.174148
1141, 0.185825, 0.203443
1142, 0.185995, 0.202593
1143, 0.185953, 0.203527
1144, 0.185357, 0.169492
1145, 0.187010, 0.205148
1146, 0.187017, 0.206017
1147, 0.186630, 0.205667
1148, 0.186543, 0.174372
1149, 0.186652, 0.209217
1150, 0.186710, 0.210748
1151, 0.186760, 0.211265
1152, 0.182580, 0.172603
1153, 0.188433, 0.218547
1154, 0.188212, 0.294988
1155, 0.188580, 0.220710
1156, 0.188332, 0.190383
1157, 0.188423, 0.216872
1158, 0.188272, 0.216610
1159, 0.188362, 0.216425
1160, 0.187290, 0.183803
1161, 0.189083, 0.216717
1162, 0.188887, 0.215257
1163, 0.298462, 0.227247
1164, 0.193500, 0.195247
1165, 0.193405, 0.226063
1166, 0.188753, 0.220793
1167, 0.188755, 0.219402
1168, 0.185818, 0.187742
1169, 0.191707, 0.225952
1170, 0.191370, 0.224500
1171, 0.191133, 0.224812
1172, 0.191518, 0.194302
1173, 0.191482, 0.221662
1174, 0.191177, 0.221380
1175, 0.191338, 0.222372
1176, 0.190532, 0.189163
1177, 0.192115, 0.224717
1178, 0.192190, 0.226087
1179, 0.191910, 0.228640
1180, 0.191835, 0.192023
1181, 0.265867, 0.227807
1182, 0.200782, 0.230797
1183, 0.192495, 0.230183
1184, 0.188888, 0.195675
1185, 0.193672, 0.229642
1186, 0.194137, 0.235278
1187, 0.193835, 0.232653
1188, 0.194053, 0.208237
1189, 0.195042, 0.228832
1190, 0.193788, 0.228380
1191, 0.194125, 0.225615
1192, 0.193033, 0.195972
1193, 0.194023, 0.229038
1194, 0.194198, 0.230378
1195, 0.194510, 0.232155
1196, 0.196800, 0.208418
1197, 0.274058, 0.234765
1198, 0.193822, 0.233673
1199, 0.193432, 0.232200
1200, 0.190183, 0.198647
1201, 0.195902, 0.235760
1202, 0.196098, 0.237668
1203, 0.195807, 0.239097
1204, 0.195788, 0.207358
1205, 0.196267, 0.234337
1206, 0.196435, 0.234492
1207, 0.195757, 0.235020
1208, 0.194858, 0.201732
1209, 0.197033, 0.236225
1210, 0.196763, 0.240123
1211, 0.196453, 0.240033
1212, 0.197157, 0.205398
1213, 0.196887, 0.244145
1214, 0.196822, 0.243738
1215, 0.196642, 0.244160
1216, 0.192678, 0.204403
1217, 0.198150, 0.244265
1218, 0.197803, 0.244728
1219, 0.198180, 0.244523
1220, 0.197828, 0.210755
1221, 0.209698, 0.234518
1222, 0.198162, 0.234603
1223, 0.198203, 0.235355
1224, 0.196833, 0.202167
1225, 0.198667, 0.240167
1226, 0.198972, 0.240647
1227, 0.198680, 0.241033
1228, 0.198625, 0.209960
1229, 0.198940, 0.242007
1230, 0.199433, 0.237848
1231, 0.198545, 0.349533
1232, 0.202113, 0.216010
1233, 0.206205, 0.255198
1234, 0.206175, 0.257395
1235, 0.201483, 0.249655
1236, 0.201393, 0.216877
1237, 0.201630, 0.243743
1238, 0.201472, 0.244497
1239, 0.201192, 0.245225
1240, 0.208125, 0.210820
1241, 0.202062, 0.250757
1242, 0.201958, 0.250378
1243, 0.202225, 0.252532
1244, 0.201987, 0.216383
1245, 0.202110, 0.253523
1246, 0.202097, 0.254652
1247, 0.201968, 0.254353
1248, 0.197470, 0.216545
1249, 0.203478, 0.246648
1250, 0.203670, 0.247243
1251, 0.203398, 0.244708
1252, 0.203735, 0.212448
1253, 0.203877, 0.245178
1254, 0.209038, 0.245037
1255, 0.209307, 0.248020
1256, 0.202643, 0.349387
1257, 0.205038, 0.286438
1258, 0.262847, 0.250048
1259, 0.209155, 0.251532
1260, 0.204635, 0.212925
1261, 0.204047, 0.244048
1262, 0.204213, 0.246717
1263, 0.204153, 0.241975
1264, 0.200178, 0.212218
1265, 0.206177, 0.250320
1266, 0.205802, 0.252080
1267, 0.205970, 0.251987
1268, 0.206040, 0.216162
1269, 0.205948, 0.248323
1270, 0.205942, 0.246948
1271, 0.206348, 0.247077
1272, 0.204758, 0.211910
1273, 0.206638, 0.257885
1274, 0.207230, 0.256600
1275, 0.206797, 0.348453
1276, 0.206572, 0.218300
1277, 0.206767, 0.260470
1278, 0.206937, 0.259028
1279, 0.206780, 0.259392
1280, 0.202232, 0.215955
1281, 0.208477, 0.264490
1282, 0.208813, 0.260680
1283, 0.208548, 0.263037
1284, 0.208405, 0.224865
1285, 0.208332, 0.256740
1286, 0.208437, 0.252060
1287, 0.215698, 0.258018
1288, 0.207128, 0.220957
1289, 0.209088, 0.259482
1290, 0.209160, 0.259807
1291, 0.208997, 0.259422
1292, 0.209080, 0.228392
1293, 0.278375, 0.260527
1294, 0.209143, 0.261942
1295, 0.209018, 0.264810
1296, 0.205267, 0.227800
1297, 0.211268, 0.267990
1298, 0.211505, 0.267855
1299, 0.211428, 0.269872
1300, 0.211378, 0.234645
1301, 0.211570, 0.264872
1302, 0.210983, 0.263447
1303, 0.211565, 0.266123
1304, 0.209992, 0.229193
1305, 0.211987, 0.271117
1306, 0.212005, 0.271328
1307, 0.211810, 0.270545
1308, 0.212303, 0.230912
1309, 0.259087, 0.272848
1310, 0.212378, 0.274413
1311, 0.211672, 0.276118
1312, 0.207635, 0.233323
1313, 0.213343, 0.274912
1314, 0.213495, 0.277303
1315, 0.213505, 0.275627
1316, 0.213728, 0.241807
1317, 0.214017, 0.265223
1318, 0.213385, 0.271347
1319, 0.226195, 0.269863
1320, 0.212575, 0.236027
1321, 0.215288, 0.272308
1322, 0.295003, 0.271807
1323, 0.220018, 0.282920
1324, 0.222422, 0.249567
1325, 0.218157, 0.272073
1326, 0.216030, 0.280022
1327, 0.215640, 0.281662
1328, 0.212745, 0.242428
1329, 0.218038, 0.285880
1330, 0.273268, 0.285222
1331, 0.216332, 0.281938
1332, 0.216703, 0.248898
1333, 0.216330, 0.275742
1334, 0.216310, 0.278815
1335, 0.216430, 0.279398
1336, 0.215332, 0.244692
1337, 0.216848, 0.286325
1338, 0.217125, 0.285643
1339, 0.216830, 0.295292
1340, 0.217237, 0.246593
1341, 0.216998, 0.290195
1342, 0.217120, 0.290935
1343, 0.217340, 0.289710
1344, 0.212503, 0.247382
1345, 0.218578, 0.288802
1346, 0.218765, 0.290228
1347, 0.218563, 0.289965
1348, 0.218855, 0.253705
1349, 0.218442, 0.288127
1350, 0.218883, 0.285567
1351, 0.218603, 0.285655
1352, 0.217347, 0.248592
1353, 0.219248, 0.288510
1354, 0.231525, 0.286392
1355, 0.219137, 0.287043
1356, 0.219548, 0.253970
1357, 0.219400, 0.289487
1358, 0.219558, 0.288305
1359, 0.219367, 0.286665
1360, 0.215180, 0.254213
1361, 0.221470, 0.298573
1362, 0.221637, 0.300545
1363, 0.221582, 0.297495
1364, 0.221840, 0.262962
1365, 0.221568, 0.294475
1366, 0.221515, 0.296937
1367, 0.221363, 0.296208
1368, 0.220263, 0.253922
1369, 0.221997, 0.297632
1370, 0.222207, 0.301763
1371, 0.222263, 0.297662
1372, 0.222107, 0.263995
1373, 0.222442, 0.302458
1374, 0.221878, 0.303293
1375, 0.222468, 0.307098
1376, 0.217142, 0.260815
1377, 0.223915, 0.281597
1378, 0.223383, 0.281743
1379, 0.223750, 0.276868
1380, 0.223537, 0.246227
1381, 0.224428, 0.277673
1382, 0.223953, 0.275892
1383, 0.224543, 0.278078
1384, 0.223280, 0.238752
1385, 0.225078, 0.276688
1386, 0.225047, 0.279260
1387, 0.225703, 0.282010
1388, 0.226645, 0.248277
1389, 0.226565, 0.280282
1390, 0.226072, 0.279088
1391, 0.226060, 0.281705
1392, 0.243565, 0.256657
1393, 0.239772, 0.365475
1394, 0.226603, 0.292012
1395, 0.226702, 0.288325
1396, 0.227060, 0.253745
1397, 0.226572, 0.285818
1398, 0.226695, 0.290095
1399, 0.226767, 0.285068
1400, 0.225538, 0.245280
1401, 0.227425, 0.296483
1402, 0.227483, 0.297918
1403, 0.227668, 0.294642
1404, 0.227280, 0.252305
1405, 0.227892, 0.297115
1406, 0.227217, 0.300568
1407, 0.227537, 0.298722
1408, 0.222355, 0.250355
1409, 0.229080, 0.295870
1410, 0.228917, 0.295378
1411, 0.228870, 0.305960
1412, 0.229240, 0.263670
1413, 0.229227, 0.292775
1414, 0.228973, 0.294323
1415, 0.228965, 0.293592
1416, 0.228030, 0.252175
1417, 0.229620, 0.293055
1418, 0.229927, 0.293938
1419, 0.229322, 0.297700
1420, 0.229643, 0.259757
1421, 0.229797, 0.298508
1422, 0.229565, 0.297227
1423, 0.230037, 0.299313
1424, 0.225678, 0.257962
1425, 0.232613, 0.304557
1426, 0.232297, 0.302432
1427, 0.232333, 0.307578
1428, 0.232492, 0.268877
1429, 0.232380, 0.300667
1430, 0.232635, 0.302277
1431, 0.232703, 0.303090
1432, 0.231218, 0.259695
1433, 0.233077, 0.309657
1434, 0.232997, 0.311365
1435, 0.233613, 0.313203
1436, 0.233007, 0.264593
1437, 0.233223, 0.311733
1438, 0.233065, 0.312573
1439, 0.232900, 0.312185
1440, 0.228178, 0.267550
1441, 0.234892, 0.313430
1442, 0.240565, 0.321945
1443, 0.241035, 0.310268
1444, 0.236910, 0.276530
1445, 0.235508, 0.299717
1446, 0.240363, 0.301515
1447, 0.235140, 0.299325
1448, 0.233512, 0.255895
1449, 0.235387, 0.300085
1450, 0.235303, 0.307430
1451, 0.235758, 0.303945
1452, 0.234982, 0.264395
1453, 0.234545, 0.301678
1454, 0.234855, 0.302528
1455, 0.234530, 0.304387
1456, 0.230572, 0.260853
1457, 0.236998, 0.311740
1458, 0.236893, 0.314093
1459, 0.237117, 0.315792
1460, 0.237408, 0.270937
1461, 0.237418, 0.309853
1462, 0.237110, 0.309167
1463, 0.237182, 0.310312
1464, 0.235892, 0.261732
1465, 0.237952, 0.316218
1466, 0.237932, 0.315935
1467, 0.238072, 0.316280
1468, 0.237925, 0.270658
1469, 0.237823, 0.319060
1470, 0.238178, 0.316108
1471, 0.237803, 0.318778
1472, 0.233573, 0.270238
1473, 0.239090, 0.325852
1474, 0.239108, 0.321625
1475, 0.239463, 0.324148
1476, 0.239232, 0.278400
1477, 0.239223, 0.310870
1478, 0.239317, 0.307605
1479, 0.239445, 0.308535
1480, 0.237888, 0.266498
1481, 0.240160, 0.314243
1482, 0.239743, 0.312277
1483, 0.240045, 0.311830
1484, 0.240060, 0.270313
1485, 0.239743, 0.314367
1486, 0.240173, 0.313832
1487, 0.239782, 0.315810
1488, 0.235687, 0.271280
1489, 0.242593, 0.328602
1490, 0.242565, 0.327333
1491, 0.242403, 0.328270
1492, 0.242645, 0.284822
1493, 0.242752, 0.318245
1494, 0.242380, 0.317650
1495, 0.242908, 0.321277
1496, 0.241182, 0.275227
1497, 0.249630, 0.328212
1498, 0.244067, 0.327732
1499, 0.243882, 0.327665
1500, 0.245403, 0.282887
1501, 0.249953, 0.340970
1502, 0.250047, 0.343960
1503, 0.244285, 0.336917
1504, 0.287527, 0.278445
1505, 0.244502, 0.329140
1506, 0.244670, 0.327587
1507, 0.244503, 0.331633
1508, 0.244797, 0.286595
1509, 0.244685, 0.314303
1510, 0.244680, 0.313112
1511, 0.244705, 0.314960
1512, 0.243387, 0.277170
1513, 0.245315, 0.316288
1514, 0.245183, 0.316590
1515, 0.245462, 0.317765
1516, 0.245523, 0.279583
1517, 0.245378, 0.322397
1518, 0.272930, 0.320988
1519, 0.245430, 0.322107
1520, 0.240567, 0.286953
1521, 0.247547, 0.336223
1522, 0.247140, 0.334922
1523, 0.247218, 0.333605
1524, 0.247253, 0.292410
1525, 0.313700, 0.327818
1526, 0.247358, 0.325525
1527, 0.247277, 0.326013
1528, 0.245735, 0.281437
1529, 0.248183, 0.338580
1530, 0.248140, 0.342875
1531, 0.248005, 0.338335
1532, 0.247907, 0.288638
1533, 0.248000, 0.338538
1534, 0.247887, 0.335233
1535, 0.248102, 0.341907
1536, 0.242165, 0.289100
1537, 0.249362, 0.341707
1538, 0.249030, 0.339065
1539, 0.249522, 0.341505
1540, 0.249583, 0.292528
1541, 0.249297, 0.328118
1542, 0.249453, 0.328885
1543, 0.249855, 0.329840
1544, 0.248237, 0.287440
1545, 0.249958, 0.332363
1546, 0.250182, 0.333225
1547, 0.250427, 0.336133
1548, 0.250488, 0.292717
1549, 0.250047, 0.345443
1550, 0.250450, 0.334318
1551, 0.250343, 0.341978
1552, 0.245883, 0.295555
1553, 0.253340, 0.345685
1554, 0.253025, 0.377958
1555, 0.258302, 0.354100
1556, 0.256495, 0.304343
1557, 0.253537, 0.343990
1558, 0.254073, 0.343872
1559, 0.254153, 0.349340
1560, 0.253627, 0.298277
1561, 0.255195, 0.350957
1562, 0.254895, 0.366472
1563, 0.253587, 0.349093
1564, 0.253185, 0.305172
1565, 0.253047, 0.357355
1566, 0.253603, 0.352020
1567, 0.253413, 0.359100
1568, 0.247907, 0.300543
1569, 0.254170, 0.345480
1570, 0.254435, 0.351105
1571, 0.254608, 0.344802
1572, 0.254297, 0.302753
1573, 0.254313, 0.335648
1574, 0.254392, 0.337773
1575, 0.254645, 0.337885
1576, 0.252958, 0.294608
1577, 0.255737, 0.338112
1578, 0.255015, 0.339717
1579, 0.255223, 0.341548
1580, 0.255438, 0.302378
1581, 0.255200, 0.344983
1582, 0.255092, 0.354327
1583, 0.255070, 0.352092
1584, 0.250095, 0.302145
1585, 0.256930, 0.355942
1586, 0.257003, 0.359918
1587, 0.256923, 0.360222
1588, 0.257203, 0.311565
1589, 0.257188, 0.346525
1590, 0.256753, 0.352818
1591, 0.256963, 0.354417
1592, 0.255508, 0.304040
1593, 0.257957, 0.359597
1594, 0.257795, 0.359102
1595, 0.257738, 0.362563
1596, 0.257858, 0.311078
1597, 0.257683, 0.362232
1598, 0.257877, 0.366128
1599, 0.257757, 0.367130
1600, 0.252360, 0.309213
1601, 0.259158, 0.359442
1602, 0.265035, 0.354730
1603, 0.259112, 0.355807
1604, 0.259710, 0.308265
1605, 0.259872, 0.350705
1606, 0.260030, 0.354435
1607, 0.310652, 0.361352
1608, 0.265395, 0.373542
1609, 0.260280, 0.352365
1610, 0.261020, 0.352522
1611, 0.260205, 0.359265
1612, 0.260073, 0.309488
1613, 0.259765, 0.362430
1614, 0.260115, 0.362793
1615, 0.260090, 0.360745
1616, 0.254920, 0.314398
1617, 0.262110, 0.369300
1618, 0.262000, 0.370313
1619, 0.261980, 0.369270
1620, 0.261962, 0.336285
1621, 0.262048, 0.359442
1622, 0.262537, 0.356908
1623, 0.263422, 0.359997
1624, 0.260485, 0.314383
1625, 0.262862, 0.368998
1626, 0.262802, 0.369180
1627, 0.262857, 0.366378
1628, 0.262672, 0.323958
1629, 0.262718, 0.371695
1630, 0.262823, 0.376477
1631, 0.262707, 0.376678
1632, 0.256998, 0.318563
1633, 0.263732, 0.358402
1634, 0.263802, 0.362217
1635, 0.263783, 0.363337
1636, 0.263815, 0.323190
1637, 0.264110, 0.357947
1638, 0.264035, 0.354625
1639, 0.264077, 0.353235
1640, 0.262463, 0.309038
1641, 0.264537, 0.359165
1642, 0.264687, 0.355038
1643, 0.265235, 0.358368
1644, 0.264725, 0.328643
1645, 0.264625, 0.370635
1646, 0.264748, 0.370555
1647, 0.264660, 0.369960
1648, 0.259648, 0.320975
1649, 0.266867, 0.375597
1650, 0.267103, 0.373188
1651, 0.267247, 0.370512
1652, 0.267308, 0.327200
1653, 0.267077, 0.366548
1654, 0.267767, 0.372708
1655, 0.267748, 0.361667
1656, 0.266448, 0.320752
1657, 0.275125, 0.376898
1658, 0.317340, 0.376048
1659, 0.268038, 0.376238
1660, 0.267763, 0.326150
1661, 0.268152, 0.384423
1662, 0.267865, 0.382192
1663, 0.267972, 0.383828
1664, 0.261683, 0.320170
1665, 0.268728, 0.376155
1666, 0.268685, 0.375437
1667, 0.268668, 0.381273
1668, 0.268993, 0.333787
1669, 0.269247, 0.368497
1670, 0.268668, 0.372100
1671, 0.268943, 0.369035
1672, 0.267380, 0.326147
1673, 0.269583, 0.372255
1674, 0.269770, 0.372357
1675, 0.269503, 0.378675
1676, 0.269892, 0.338357
1677, 0.269662, 0.385873
1678, 0.269565, 0.381565
1679, 0.269683, 0.380142
1680, 0.265240, 0.334940
1681, 0.272368, 0.386820
1682, 0.272512, 0.384275
1683, 0.272125, 0.388285
1684, 0.272127, 0.343603
1685, 0.272815, 0.383393
1686, 0.272307, 0.378657
1687, 0.272208, 0.379373
1688, 0.271150, 0.336525
1689, 0.273047, 0.393298
1690, 0.273082, 0.390758
1691, 0.273083, 0.390812
1692, 0.273193, 0.345763
1693, 0.273103, 0.394585
1694, 0.273163, 0.391870
1695, 0.273475, 0.396672
1696, 0.267660, 0.339075
1697, 0.273958, 0.377070
1698, 0.273960, 0.384442
1699, 0.273992, 0.378710
1700, 0.274070, 0.337835
1701, 0.274033, 0.374363
1702, 0.273872, 0.373665
1703, 0.274557, 0.375152
1704, 0.272887, 0.330220
1705, 0.275535, 0.406167
1706, 0.276312, 0.382788
1707, 0.283560, 0.383288
1708, 0.274970, 0.342140
1709, 0.274757, 0.389002
1710, 0.274597, 0.383703
1711, 0.274675, 0.382472
1712, 0.270168, 0.333038
1713, 0.277082, 0.389670
1714, 0.276982, 0.391605
1715, 0.276792, 0.392738
1716, 0.277203, 0.344323
1717, 0.277025, 0.378947
1718, 0.276877, 0.384172
1719, 0.276848, 0.387978
1720, 0.275685, 0.338363
1721, 0.277960, 0.392573
1722, 0.278277, 0.402587
1723, 0.278447, 0.397545
1724, 0.295543, 0.349298
1725, 0.278723, 0.402433
1726, 0.278097, 0.403245
1727, 0.277988, 0.404772
1728, 0.272103, 0.344902
1729, 0.278875, 0.397732
1730, 0.278863, 0.397627
1731, 0.278657, 0.399933
1732, 0.278598, 0.350558
1733, 0.279117, 0.389133
1734, 0.278757, 0.392318
1735, 0.304733, 0.391397
1736, 0.277605, 0.338233
1737, 0.280498, 0.401297
1738, 0.280898, 0.403363
1739, 0.279912, 0.401677
1740, 0.279553, 0.356717
1741, 0.279678, 0.401658
1742, 0.279773, 0.396863
1743, 0.279665, 0.396907
1744, 0.275082, 0.348980
1745, 0.282577, 0.406597
1746, 0.283115, 0.402925
1747, 0.283435, 0.406038
1748, 0.282652, 0.360930
1749, 0.282420, 0.399403
1750, 0.283080, 0.400415
1751, 0.283113, 0.407270
1752, 0.281532, 0.350148
1753, 0.366942, 0.412868
1754, 0.284903, 0.414962
1755, 0.285923, 0.417320
1756, 0.288688, 0.363977
1757, 0.340933, 0.425828
1758, 0.284095, 0.414637
1759, 0.283455, 0.427058
1760, 0.276927, 0.353062
1761, 0.284210, 0.387697
1762, 0.285692, 0.393653
1763, 0.284585, 0.389360
1764, 0.284790, 0.343673
1765, 0.284133, 0.384177
1766, 0.284282, 0.384242
1767, 0.283868, 0.384190
1768, 0.281952, 0.339062
1769, 0.284763, 0.392247
1770, 0.285210, 0.391167
1771, 0.285067, 0.394573
1772, 0.285025, 0.349685
1773, 0.284937, 0.398577
1774, 0.284872, 0.394103
1775, 0.285160, 0.397725
1776, 0.279888, 0.339740
1777, 0.286810, 0.401313
1778, 0.286895, 0.401695
1779, 0.286807, 0.401353
1780, 0.287170, 0.348623
1781, 0.286948, 0.391665
1782, 0.286833, 0.395927
1783, 0.287003, 0.390475
1784, 0.285017, 0.345247
1785, 0.287422, 0.406237
1786, 0.287893, 0.410920
1787, 0.288237, 0.408975
1788, 0.287882, 0.352153
1789, 0.287893, 0.413608
1790, 0.287897, 0.413927
1791, 0.287877, 0.410102
1792, 0.281522, 0.348863
1793, 0.289210, 0.413545
1794, 0.288957, 0.410270
1795, 0.289247, 0.414068
1796, 0.289862, 0.367247
1797, 0.289732, 0.407982
1798, 0.289685, 0.528005
1799, 0.297070, 0.425320
1800, 0.296392, 0.367172
1801, 0.291525, 0.418240
1802, 0.291682, 0.421895
1803, 0.293913, 0.424792
1804, 0.304802, 0.399160
1805, 0.351212, 0.412650
1806, 0.289843, 0.409987
1807, 0.290148, 0.415577
1808, 0.284502, 0.369495
1809, 0.292725, 0.418218
1810, 0.292457, 0.425225
1811, 0.292502, 0.424103
1812, 0.300458, 0.375458
1813, 0.292500, 0.416815
1814, 0.292210, 0.415480
1815, 0.292350, 0.421455
1816, 0.290523, 0.370260
1817, 0.293385, 0.428858
1818, 0.293398, 0.428045
1819, 0.293282, 0.428403
1820, 0.293263, 0.377080
1821, 0.293203, 0.433467
1822, 0.293368, 0.432902
1823, 0.293178, 0.437157
1824, 0.287575, 0.377423
1825, 0.294528, 0.433207
1826, 0.294317, 0.434122
1827, 0.294132, 0.435783
1828, 0.294315, 0.386672
1829, 0.294192, 0.421888
1830, 0.294262, 0.425200
1831, 0.294407, 0.429675
1832, 0.292773, 0.383628
1833, 0.295405, 0.440700
1834, 0.295222, 0.439155
1835, 0.295538, 0.439307
1836, 0.295340, 0.392352
1837, 0.295390, 0.429245
1838, 0.295252, 0.434622
1839, 0.295233, 0.433808
1840, 0.290120, 0.382317
1841, 0.298050, 0.437157
1842, 0.353872, 0.440898
1843, 0.297527, 0.440445
1844, 0.297255, 0.399698
1845, 0.297347, 0.440255
1846, 0.297310, 0.441093
1847, 0.297305, 0.443565
1848, 0.295990, 0.386505
1849, 0.297927, 0.445418
1850, 0.298360, 0.450465
1851, 0.298123, 0.443892
1852, 0.299458, 0.400338
1853, 0.298467, 0.451908
1854, 0.298482, 0.454242
1855, 0.298058, 0.452265
1856, 0.291738, 0.386245
1857, 0.299418, 0.441908
1858, 0.299562, 0.442608
1859, 0.299590, 0.440943
1860, 0.299745, 0.386125
1861, 0.299523, 0.437877
1862, 0.299382, 0.433942
1863, 0.299392, 0.435248
1864, 0.297607, 0.394545
1865, 0.300595, 0.442815
1866, 0.300512, 0.444260
1867, 0.300290, 0.445180
1868, 0.300397, 0.395575
1869, 0.300503, 0.444043
1870, 0.300783, 0.443410
1871, 0.300335, 0.444533
1872, 0.294208, 0.388452
1873, 0.302858, 0.445872
1874, 0.302498, 0.449730
1875, 0.302310, 0.445615
1876, 0.304903, 0.412895
1877, 0.309565, 0.461610
1878, 0.302393, 0.447725
1879, 0.303145, 0.452518
1880, 0.300788, 0.396010
1881, 0.303813, 0.451232
1882, 0.304323, 0.456487
1883, 0.304198, 0.467767
1884, 0.304782, 0.429727
1885, 0.303858, 0.463962
1886, 0.303565, 0.463333
1887, 0.303267, 0.463107
1888, 0.296792, 0.401627
1889, 0.304368, 0.441477
1890, 0.304842, 0.440563
1891, 0.304772, 0.438787
1892, 0.304722, 0.399018
1893, 0.304495, 0.435180
1894, 0.304942, 0.435485
1895, 0.304778, 0.434947
1896, 0.302757, 0.383710
1897, 0.305280, 0.443650
1898, 0.305492, 0.439952
1899, 0.305705, 0.433895
1900, 0.305415, 0.397333
1901, 0.305598, 0.447737
1902, 0.305420, 0.442870
1903, 0.305678, 0.444455
1904, 0.299510, 0.391705
1905, 0.308145, 0.448605
1906, 0.308310, 0.446945
1907, 0.308037, 0.448130
1908, 0.308103, 0.398238
1909, 0.307838, 0.447510
1910, 0.307677, 0.448020
1911, 0.307738, 0.444548
1912, 0.306178, 0.394455
1913, 0.309092, 0.458562
1914, 0.308692, 0.457968
1915, 0.308702, 0.459050
1916, 0.308765, 0.403142
1917, 0.314918, 0.462465
1918, 0.308855, 0.463348
1919, 0.308870, 0.464575
1920, 0.301877, 0.396247
1921, 0.309993, 0.466837
1922, 0.309922, 0.465310
1923, 0.310493, 0.469783
1924, 0.310338, 0.423722
1925, 0.310590, 0.524703
1926, 0.311585, 0.457643
1927, 0.310030, 0.452377
1928, 0.308065, 0.405928
1929, 0.310855, 0.462448
1930, 0.310690, 0.460627
1931, 0.311145, 0.462213
1932, 0.310970, 0.419165
1933, 0.311350, 0.465893
1934, 0.310832, 0.462677
1935, 0.311017, 0.461475
1936, 0.305185, 0.413708
1937, 0.313572, 0.465620
1938, 0.313683, 0.465375
1939, 0.313672, 0.473793
1940, 0.313942, 0.424650
1941, 0.313787, 0.467240
1942, 0.313722, 0.461790
1943, 0.313468, 0.469275
1944, 0.311997, 0.415223
1945, 0.314917, 0.480633
1946, 0.314732, 0.475213
1947, 0.314642, 0.476627
1948, 0.314682, 0.425978
1949, 0.314893, 0.484335
1950, 0.314733, 0.485077
1951, 0.314603, 0.481807
1952, 0.307803, 0.419255
1953, 0.315315, 0.466142
1954, 0.315295, 0.473650
1955, 0.315243, 0.471090
1956, 0.315395, 0.418878
1957, 0.315482, 0.458365
1958, 0.315602, 0.458460
1959, 0.315833, 0.452862
1960, 0.313733, 0.405147
1961, 0.316210, 0.462983
1962, 0.316203, 0.471625
1963, 0.316433, 0.464365
1964, 0.316728, 0.420312
1965, 0.317090, 0.472137
1966, 0.317603, 0.463593
1967, 0.318632, 0.465672
1968, 0.311117, 0.415727
1969, 0.319878, 0.472877
1970, 0.318605, 0.476447
1971, 0.318448, 0.479435
1972, 0.318470, 0.425870
1973, 0.318605, 0.471330
1974, 0.318168, 0.470730
1975, 0.318660, 0.474730
1976, 0.317150, 0.412943
1977, 0.319470, 0.480222
1978, 0.319512, 0.486075
1979, 0.319530, 0.480708
1980, 0.319765, 0.425812
1981, 0.319575, 0.486482
1982, 0.319505, 0.485463
1983, 0.319830, 0.486425
1984, 0.313045, 0.419753
1985, 0.320210, 0.488228
1986, 0.320212, 0.489082
1987, 0.320030, 0.490572
1988, 0.320488, 0.434753
1989, 0.319992, 0.478273
1990, 0.320665, 0.472590
1991, 0.320140, 0.473845
1992, 0.318315, 0.420707
1993, 0.321083, 0.486362
1994, 0.320987, 0.485633
1995, 0.321043, 0.486553
1996, 0.321172, 0.438965
1997, 0.321057, 0.479990
1998, 0.320953, 0.480448
1999, 0.321152, 0.482207
